iterations, fitness, congestion
1163, 20.230728269724427, 4.032930984713017e-06
1164, 20.16196115388954, 4.04053826354833e-06
1165, 18.247455592775168, 3.0165084931775335e-06
1166, 18.245179222325703, 2.5387904936819596e-06
1167, 7.9300881743986995, 8.256387331541716e-07
1168, 7.9300881743986995, 8.292237978470896e-07
1169, 7.9300881743986995, 7.171992354293535e-07
1170, 7.9300881743986995, 6.834806104076477e-07
1171, 7.9300881743986995, 6.387112171951523e-07
1172, 7.9300881743986995, 5.791127429361351e-07
1173, 7.9300881743986995, 5.835243576320972e-07
1174, 3.833100435495983, 3.8862704616187206e-07
1175, 3.833100435495983, 3.173818440862511e-07
1176, 2.3321795092791224, 2.41325019455712e-07
1177, 2.187893764384388, 1.9715054007170503e-07
1178, 2.187893764384388, 1.7922893714239927e-07
1179, 2.187893764384388, 1.4506386455449494e-07
1180, 1.945643595246985, 1.4615378017743246e-07
1181, 1.8032740233936093, 1.7598076802414975e-07
1182, 1.7205088612660977, 2.39871637405693e-07
1183, 0.264298607230828, 2.3902035374338464e-07
1184, 0.264298607230828, 2.024629645542445e-07
1185, 0.15132455054127592, 2.0117871109469224e-07
1186, 0.09297387166535787, 1.8741682575033004e-07
1187, 0.09297387166535787, 1.6026535869841388e-07
1188, 0.016377877675922026, 1.1752832981853529e-07
1189, 0.007066396551458798, 1.1384453082162451e-07
1190, 0.007066396551458798, 9.415129040413617e-08
1191, 0.007066396551458798, 1.2149787633555702e-07
1192, 0.0007010954430808347, 1.298709407587657e-07
1193, 0.0007010954430808347, 7.868946867270777e-08
1194, 0.0002121012998625993, 8.15332113805674e-08
1195, 0.00020221347869098238, 1.0365398589170872e-07
1196, 6.60560510117314e-05, 1.0573974187038134e-07
1197, 6.60560510117314e-05, 9.206397206071989e-08
1198, 2.8568078470403435e-05, 8.134740992998861e-08
1199, 2.8568078470403435e-05, 6.215414901577363e-08
1200, 2.8568078470403435e-05, 1.474505054631296e-07
1201, 1.9082566805384005e-05, 1.5253988518714607e-07
1202, 1.9082566805384005e-05, 1.1477831511687129e-07
1203, 1.0752210244380223e-05, 1.0941453659888832e-07
1204, 3.7342458019118396e-06, 9.81558569558557e-08
1205, 3.7342458019118396e-06, 9.732403806575831e-08
1206, 3.7342458019118396e-06, 1.0990902083660158e-07
1207, 5.947863046529278e-08, 9.330831762595364e-08
1208, 5.947863046529278e-08, 1.1511136813266427e-07
1209, 5.947863046529278e-08, 9.59409932071081e-08
1210, 5.947863046529278e-08, 7.657790804675833e-08
1211, 2.516481290015804e-08, 1.0081341255284999e-07
1212, 2.516481290015804e-08, 9.411898264352617e-08
1213, 2.516481290015804e-08, 1.0233817642209844e-07
1214, 2.516481290015804e-08, 1.0899351844033974e-07
1215, 1.5200574132734346e-09, 9.90263909216869e-08
1216, 3.3678348998478214e-10, 1.18957269250971e-07
1217, 3.3678348998478214e-10, 9.971673752620318e-08
1218, 3.3678348998478214e-10, 1.284135318707762e-07
1219, 2.6879876102725575e-10, 9.856337173735179e-08
1220, 6.838307697876189e-11, 9.903678865235729e-08
1221, 3.4074965071795305e-12, 8.41766009967171e-08
1222, 3.4074965071795305e-12, 9.963281225231346e-08
1223, 3.4074965071795305e-12, 1.0956803859860072e-07
1224, 3.4074965071795305e-12, 9.775338147907357e-08
1225, 3.4074965071795305e-12, 6.884848119790171e-08
1226, 3.4074965071795305e-12, 1.2239046848669428e-07
1227, 2.220890138460163e-12, 9.623446341697162e-08
1228, 1.766142787573699e-12, 1.0985722965237887e-07
1229, 1.0911271886016038e-12, 8.10383052295614e-08
1230, 1.0911271886016038e-12, 6.6526171748846e-08
1231, 5.084821452783217e-13, 9.344444114106722e-08
1232, 1.1102230246251565e-14, 1.1819295791463791e-07
1233, 1.1102230246251565e-14, 8.716237664611875e-08
1234, 1.1102230246251565e-14, 1.1506749466658692e-07
1235, 1.1102230246251565e-14, 1.1697447172533563e-07
1236, 4.440892098500626e-16, 9.701042845333378e-08
1237, 4.440892098500626e-16, 9.368102311250791e-08
1238, 4.440892098500626e-16, 6.528977550647263e-08
1239, 4.440892098500626e-16, 6.37172625718798e-08
1240, 4.440892098500626e-16, 4.578149640427826e-08
1241, 4.440892098500626e-16, 8.221186446706784e-08
1242, 4.440892098500626e-16, 8.142130398144097e-08
1243, 4.440892098500626e-16, 9.331483310017941e-08
1244, 4.440892098500626e-16, 1.1110743494314017e-07
1245, 4.440892098500626e-16, 1.0270230174680072e-07
1246, 4.440892098500626e-16, 9.503288904374106e-08
1247, 4.440892098500626e-16, 1.2302316154229686e-07
1248, 4.440892098500626e-16, 450359962.7370496
