iterations, fitness, congestion
1535, 20.21199718043389, 3.91880253722886e-06
1536, 20.21199718043389, 3.879171800828569e-06
1537, 20.21199718043389, 4.004887619938147e-06
1538, 9.239504554167535, 9.533886756765633e-07
1539, 9.239504554167535, 7.978340384888061e-07
1540, 9.239504554167535, 5.839745852974442e-07
1541, 2.8165793926887663, 4.200243082115908e-07
1542, 2.8165793926887663, 3.9882724444461526e-07
1543, 2.8165793926887663, 3.403780885583019e-07
1544, 2.8165793926887663, 3.142991870771895e-07
1545, 2.8165793926887663, 2.8532870459540935e-07
1546, 2.8165793926887663, 2.6777694058421953e-07
1547, 2.8165793926887663, 2.596450348796546e-07
1548, 2.1093348136013117, 2.1432650952245853e-07
1549, 2.1093348136013117, 1.9958287502160232e-07
1550, 0.8456866734406856, 1.7356434329624594e-07
1551, 0.8456866734406856, 1.669189554100949e-07
1552, 0.8456866734406856, 1.2986963333404362e-07
1553, 0.8456866734406856, 1.2802050581845637e-07
1554, 0.8456866734406856, 1.199742850036873e-07
1555, 0.8456866734406856, 1.0200020699315471e-07
1556, 0.8456866734406856, 1.0121419199738388e-07
1557, 0.04847779860442758, 8.997749874153865e-08
1558, 0.013231814246058793, 7.513342144637192e-08
1559, 0.013231814246058793, 7.799617621671854e-08
1560, 0.013231814246058793, 6.61518661789948e-08
1561, 0.013231814246058793, 5.6332719078166846e-08
1562, 0.0015002607306979776, 6.339945463798378e-08
1563, 0.0015002607306979776, 1.54818020802174e-07
1564, 0.0015002607306979776, 1.3291098516859766e-07
1565, 0.0015002607306979776, 1.229884999633263e-07
1566, 0.0015002607306979776, 9.611067234817113e-08
1567, 0.0015002607306979776, 1.0436896364500353e-07
1568, 0.0015002607306979776, 6.710277965403355e-08
1569, 0.0015002607306979776, 6.91696387545963e-08
1570, 0.0015002607306979776, 9.192335779491813e-08
1571, 0.00021829571639431222, 9.248146309992021e-08
1572, 0.00021829571639431222, 8.933792161133185e-08
1573, 0.00021829571639431222, 8.395526027288899e-08
1574, 0.00021829571639431222, 8.814234900505469e-08
1575, 0.00021829571639431222, 9.678205253614572e-08
1576, 9.754939076289659e-05, 1.1738638697056603e-07
1577, 9.754939076289659e-05, 1.0195603286087148e-07
1578, 3.718000639851837e-05, 9.199868685875345e-08
1579, 1.3754784994990388e-05, 8.5252286061553e-08
1580, 1.8673938311231097e-06, 7.740550668304698e-08
1581, 1.8673938311231097e-06, 7.753366540579751e-08
1582, 4.2989395598880265e-08, 1.0918844432121649e-07
1583, 4.2989395598880265e-08, 1.0425989320175642e-07
1584, 4.2989395598880265e-08, 1.0311253674563876e-07
1585, 4.2989395598880265e-08, 7.917912456828699e-08
1586, 2.4737311310474297e-08, 8.392243839063879e-08
1587, 2.4737311310474297e-08, 8.725862965632437e-08
1588, 2.4737311310474297e-08, 8.161811532131078e-08
1589, 2.4737311310474297e-08, 7.868008138760225e-08
1590, 2.4737311310474297e-08, 7.525281380415659e-08
1591, 1.30717165980343e-08, 9.448577770415588e-08
1592, 1.2349734124228462e-08, 1.1482397560391548e-07
1593, 6.024948095983973e-09, 9.804931390685455e-08
1594, 6.024948095983973e-09, 1.089220066300892e-07
1595, 1.1806666755376227e-09, 7.79678490904486e-08
1596, 1.1806666755376227e-09, 1.1369900172739516e-07
1597, 1.1806666755376227e-09, 7.831909237187418e-08
1598, 6.979274935758895e-10, 1.36038244056038e-07
1599, 4.6033976630610596e-10, 1.0868048646005363e-07
1600, 4.7475356979020944e-11, 7.558794772014472e-08
1601, 4.7475356979020944e-11, 6.111886203479074e-08
1602, 4.7475356979020944e-11, 1.1357299491062167e-07
1603, 3.8394620816006864e-11, 1.3257568639339461e-07
1604, 1.198374732780394e-11, 1.1757363538621272e-07
1605, 1.1614265105208688e-11, 1.0462560936914175e-07
1606, 4.658051722117307e-12, 9.745326850406907e-08
1607, 4.1255887595070817e-13, 1.0124078427329023e-07
1608, 3.7703173916270316e-13, 1.2423937751504868e-07
1609, 2.4913404672588513e-13, 1.1143681395663466e-07
1610, 1.816324868286756e-13, 8.368166620129929e-08
1611, 5.3734794391857577e-14, 1.0199075330303537e-07
1612, 4.6629367034256575e-14, 1.1345412363332988e-07
1613, 4.6629367034256575e-14, 1.1074676349184249e-07
1614, 4.6629367034256575e-14, 9.328191082567691e-08
1615, 4.3076653355456074e-14, 8.525456673700131e-08
1616, 1.8207657603852567e-14, 8.375854623995673e-08
1617, 1.8207657603852567e-14, 9.769884599640074e-08
1618, 4.440892098500626e-16, 7.719263295571863e-08
1619, 4.440892098500626e-16, 9.294038596364824e-08
1620, 4.440892098500626e-16, 8.283894915134519e-08
1621, 4.440892098500626e-16, 1.1611526780215569e-07
1622, 4.440892098500626e-16, 9.701592310050656e-08
1623, 4.440892098500626e-16, 1.1014386436234228e-07
1624, 4.440892098500626e-16, 8.914565426546939e-08
1625, 4.440892098500626e-16, 7.182025639044658e-08
1626, 4.440892098500626e-16, 8.521443767460274e-08
1627, 4.440892098500626e-16, 9.687499999999996e-08
1628, 4.440892098500626e-16, 9.583333333333331e-08
1629, 4.440892098500626e-16, 1.2302316154229683e-07
1630, 4.440892098500626e-16, 450359962.7370496
