iterations, fitness, congestion
563, 16.392390127823077, 2.015895784983675e-06
564, 16.392390127823077, 2.030616405359397e-06
565, 16.392390127823077, 2.1589480030128393e-06
566, 16.392390127823077, 2.1347655363505224e-06
567, 16.392390127823077, 2.1898879315061652e-06
568, 14.708347703635154, 1.5461353611077968e-06
569, 14.708347703635154, 1.5933711063089841e-06
570, 14.708347703635154, 1.5403325019555056e-06
571, 13.272944948117557, 1.1229220714483023e-06
572, 2.2777890619694614, 3.8049261108468464e-07
573, 2.2777890619694614, 3.807402788132295e-07
574, 2.182517683624394, 3.1775371280530494e-07
575, 2.182517683624394, 3.1779044252544323e-07
576, 2.182517683624394, 3.094685122578213e-07
577, 2.182517683624394, 3.0984702037827266e-07
578, 2.182517683624394, 2.9973906222753147e-07
579, 2.182517683624394, 3.0082518248608364e-07
580, 2.182517683624394, 2.9664078694612287e-07
581, 2.182517683624394, 2.850717684299534e-07
582, 2.182517683624394, 2.6846264973601576e-07
583, 1.8053962660991165, 2.2790243085638654e-07
584, 1.8053962660991165, 2.0702116052664412e-07
585, 1.5401891638862577, 1.74454494732715e-07
586, 1.5401891638862577, 1.7613114339901816e-07
587, 0.8303507526473095, 1.4719007894075754e-07
588, 0.8303507526473095, 1.4432943461180817e-07
589, 0.8303507526473095, 1.3897033209152992e-07
590, 0.8303507526473095, 1.217567529138363e-07
591, 0.09638021028790833, 1.2134948417750387e-07
592, 0.09638021028790833, 2.0351220541576004e-07
593, 0.09638021028790833, 1.9599474577976977e-07
594, 0.09638021028790833, 1.8024087564787875e-07
595, 0.09638021028790833, 1.741912697636515e-07
596, 0.09638021028790833, 1.7035089380779147e-07
597, 0.09638021028790833, 1.612171064968838e-07
598, 0.04033139753429227, 1.4932004159281364e-07
599, 0.036059033193901247, 1.4492026992727982e-07
600, 0.036059033193901247, 1.408309678819184e-07
601, 0.024730490711562414, 1.1169276296884668e-07
602, 0.024730490711562414, 1.0006026764371408e-07
603, 0.024730490711562414, 1.0054501155418926e-07
604, 0.0096526961851926, 1.1739088265225783e-07
605, 0.0013297889813981278, 1.19576659904764e-07
606, 0.0013297889813981278, 1.0431032116329957e-07
607, 0.0013297889813981278, 9.874767221076944e-08
608, 0.0013297889813981278, 1.0415812392873104e-07
609, 0.0005356749929394944, 8.882212966704756e-08
610, 0.0005356749929394944, 8.943449432237118e-08
611, 0.00025083315946305973, 7.644851599148976e-08
612, 0.00025083315946305973, 9.305348415579559e-08
613, 0.00025083315946305973, 9.106247174318238e-08
614, 0.00025083315946305973, 8.668870943611582e-08
615, 0.00022655121396342182, 8.404957007062895e-08
616, 0.0001808908683682553, 1.0600531493195373e-07
617, 3.377087883693619e-05, 1.2150300722870268e-07
618, 3.377087883693619e-05, 1.0466394423723816e-07
619, 3.377087883693619e-05, 9.964924228470158e-08
620, 2.2537324057214647e-05, 8.018749715216246e-08
621, 1.6927169266711672e-05, 1.1159660138225722e-07
622, 1.6927169266711672e-05, 1.0966045067013031e-07
623, 1.7787840183025594e-06, 1.1601781872269186e-07
624, 1.0081847183762704e-06, 1.251308867809772e-07
625, 1.0081847183762704e-06, 1.2029033014944034e-07
626, 1.0081847183762704e-06, 1.3038385912196425e-07
627, 9.829528981875058e-07, 1.0662151930768925e-07
628, 9.829528981875058e-07, 1.1365512994565324e-07
629, 1.0659819738023657e-07, 8.86522821096027e-08
630, 1.0659819738023657e-07, 7.678191928638874e-08
631, 1.0659819738023657e-07, 7.101031541249393e-08
632, 1.0659819738023657e-07, 1.1229493465916959e-07
633, 5.77176462179807e-08, 1.0366804514807284e-07
634, 5.77176462179807e-08, 9.699150099213042e-08
635, 1.5128005959041957e-08, 1.2018604755953257e-07
636, 1.5128005959041957e-08, 1.1284377736928086e-07
637, 1.5128005959041957e-08, 1.1189791785886652e-07
638, 1.5128005959041957e-08, 1.0149577702883733e-07
639, 1.5128005959041957e-08, 1.0739118568781484e-07
640, 1.3794370534725431e-08, 9.87002673715242e-08
641, 2.5930337876900467e-09, 8.361414129487552e-08
642, 1.6513088674230403e-09, 7.933101198617787e-08
643, 1.6513088674230403e-09, 1.0177623457504172e-07
644, 1.6513088674230403e-09, 9.353041257708644e-08
645, 1.263896098890882e-09, 9.395490308221126e-08
646, 1.8063817108782132e-10, 9.452044640696842e-08
647, 1.55694568348963e-10, 1.140575142757769e-07
648, 1.55694568348963e-10, 1.006384100307006e-07
649, 7.900924359205419e-11, 9.79538867149876e-08
650, 7.900924359205419e-11, 1.0581862514860977e-07
651, 7.900924359205419e-11, 1.06230891192718e-07
652, 1.646016656309257e-11, 9.404100124162387e-08
653, 1.646016656309257e-11, 1.0181034596898129e-07
654, 4.704236999941713e-12, 9.179628139943396e-08
655, 4.704236999941713e-12, 7.528137831438597e-08
656, 2.178257574314557e-12, 6.696813790117048e-08
657, 2.178257574314557e-12, 8.683369941791732e-08
658, 2.178257574314557e-12, 1.193086619704563e-07
659, 2.5268676040468563e-13, 1.2515408649503872e-07
660, 2.5268676040468563e-13, 1.2302869935979003e-07
661, 2.5268676040468563e-13, 9.977478963128079e-08
662, 2.5268676040468563e-13, 1.0226865685497455e-07
