iterations, fitness, congestion
2123, 6.413149110414004, 5.74449777994109e-07
2124, 6.413149110414004, 5.768368889043624e-07
2125, 1.9934425824188549, 4.899493281468477e-07
2126, 1.9934425824188549, 4.915637069517797e-07
2127, 1.9934425824188549, 4.2496519163786674e-07
2128, 1.9934425824188549, 4.2511217477557214e-07
2129, 1.9934425824188549, 4.255163848171099e-07
2130, 1.9934425824188549, 3.609745601316795e-07
2131, 1.9934425824188549, 3.373350504989722e-07
2132, 1.9934425824188549, 3.3503479059719816e-07
2133, 1.9934425824188549, 3.3512501567288216e-07
2134, 1.9934425824188549, 3.356389241684211e-07
2135, 1.9934425824188549, 3.099270298417229e-07
2136, 1.9934425824188549, 3.1039883450051837e-07
2137, 1.9934425824188549, 3.108556117527728e-07
2138, 1.9934425824188549, 2.771506384933462e-07
2139, 1.9934425824188549, 2.4850514698202455e-07
2140, 1.9934425824188549, 2.487980338773058e-07
2141, 1.97418508507208, 2.1789570938013662e-07
2142, 0.425139860054085, 2.0103539400251053e-07
2143, 0.425139860054085, 1.983704836703841e-07
2144, 0.425139860054085, 1.9850720149389536e-07
2145, 0.425139860054085, 1.8747063785249388e-07
2146, 0.425139860054085, 1.7742076150960937e-07
2147, 0.425139860054085, 1.7229278216601586e-07
2148, 0.425139860054085, 1.6501003957378166e-07
2149, 0.425139860054085, 1.59667762257334e-07
2150, 0.425139860054085, 1.5209052784660084e-07
2151, 0.425139860054085, 1.4867189273144342e-07
2152, 0.425139860054085, 1.381351522980555e-07
2153, 0.425139860054085, 1.3513412921398685e-07
2154, 0.425139860054085, 1.2643175853089407e-07
2155, 0.425139860054085, 1.2063339893253635e-07
2156, 0.425139860054085, 1.0774120200289172e-07
2157, 0.425139860054085, 1.08429935405696e-07
2158, 0.425139860054085, 1.383929522729572e-07
2159, 0.425139860054085, 1.5830314920861317e-07
2160, 0.425139860054085, 2.155773288645849e-07
2161, 0.425139860054085, 2.5856763728802537e-07
2162, 0.425139860054085, 2.630836590370707e-07
2163, 0.425139860054085, 2.99402615633672e-07
2164, 0.2758177664806891, 2.5447031006874703e-07
2165, 0.13633496590163974, 2.1777118229198784e-07
2166, 0.13633496590163974, 1.9367618796337351e-07
2167, 0.13633496590163974, 1.852633811316789e-07
2168, 0.0036898501684921037, 1.441956382953583e-07
2169, 0.0036898501684921037, 1.317347063143505e-07
2170, 0.0036898501684921037, 1.0856445518774892e-07
2171, 0.0036898501684921037, 1.0307828287995758e-07
2172, 0.0036898501684921037, 1.062090162091043e-07
2173, 0.0036898501684921037, 9.058002709169325e-08
2174, 0.0023672117500486145, 9.606431080175291e-08
2175, 0.0023672117500486145, 1.2131280047417472e-07
2176, 0.0009262724880163553, 1.2524922761535836e-07
2177, 0.0009262724880163553, 1.139291084626376e-07
2178, 0.0009262724880163553, 1.1357708032805757e-07
2179, 0.0009262724880163553, 9.709717021779188e-08
2180, 0.0009262724880163553, 1.14091943531668e-07
2181, 0.0009262724880163553, 1.1667483601754255e-07
2182, 0.0005068272174892918, 9.528791241277433e-08
2183, 8.386986945696506e-05, 8.096901100279975e-08
2184, 8.386986945696506e-05, 6.28779758017717e-08
2185, 8.386986945696506e-05, 6.247259279126182e-08
2186, 8.386986945696506e-05, 5.6235464960173774e-08
2187, 8.386986945696506e-05, 8.879914206219875e-08
2188, 8.386986945696506e-05, 8.757114211419584e-08
2189, 3.862172252810936e-05, 8.284193823243488e-08
2190, 2.2479603214442534e-06, 8.065681608025919e-08
2191, 2.2479603214442534e-06, 1.1868740226985768e-07
2192, 8.815332503964157e-07, 9.459150341895283e-08
2193, 8.815332503964157e-07, 1.101900098625016e-07
2194, 8.815332503964157e-07, 1.0361260493515093e-07
2195, 8.815332503964157e-07, 1.1382526984313502e-07
2196, 8.815332503964157e-07, 1.0637289635804927e-07
2197, 4.6566457401198136e-07, 1.0970504736782397e-07
2198, 4.6566457401198136e-07, 1.184191723859852e-07
2199, 4.6566457401198136e-07, 1.0813317307790252e-07
2200, 4.6566457401198136e-07, 1.1055110120451734e-07
2201, 8.58584852103661e-08, 1.1760093136445395e-07
2202, 8.58584852103661e-08, 1.012918680769353e-07
2203, 8.58584852103661e-08, 1.0048870331719076e-07
2204, 8.58584852103661e-08, 9.426591648162952e-08
2205, 8.58584852103661e-08, 1.0163432649079567e-07
2206, 8.58584852103661e-08, 9.727675426458976e-08
2207, 1.3768208351194744e-08, 1.3060286240934175e-07
2208, 5.236359346127983e-09, 1.320292786745679e-07
2209, 5.236359346127983e-09, 1.0445658464501163e-07
2210, 5.236359346127983e-09, 1.1302706524389724e-07
2211, 1.7239476512997953e-09, 1.0803992882335191e-07
2212, 1.7239476512997953e-09, 9.53779319386718e-08
2213, 1.0363732094731404e-09, 8.85878059589806e-08
2214, 1.0363732094731404e-09, 8.289833986914018e-08
2215, 1.0363732094731404e-09, 8.413479231071366e-08
2216, 2.4340751636486857e-10, 9.111652955401035e-08
2217, 2.4340751636486857e-10, 1.0426483737223908e-07
2218, 2.4340751636486857e-10, 9.23236161310253e-08
2219, 2.4340751636486857e-10, 9.38319076507393e-08
2220, 8.139711127341798e-12, 7.870541220737423e-08
2221, 8.139711127341798e-12, 1.1486083078032915e-07
2222, 8.139711127341798e-12, 1.072629540775321e-07
