iterations, fitness, congestion
363, 18.037438061228677, 2.610284167155695e-06
364, 17.305283797483998, 2.0377892458150944e-06
365, 17.305283797483998, 2.1024841919323564e-06
366, 15.320940087933092, 1.500953698808138e-06
367, 15.320940087933092, 1.5306916066799337e-06
368, 10.652450201843283, 9.227181446837876e-07
369, 10.652450201843283, 9.227516696711469e-07
370, 10.652450201843283, 9.326502611757386e-07
371, 10.652450201843283, 9.443190950851752e-07
372, 10.652450201843283, 9.437028423962232e-07
373, 10.652450201843283, 9.56862089235784e-07
374, 10.652450201843283, 8.533212948318792e-07
375, 9.572593480666571, 6.712844187437537e-07
376, 9.572593480666571, 6.483683570509341e-07
377, 9.572593480666571, 6.486237294042724e-07
378, 9.572593480666571, 6.487358204863532e-07
379, 9.572593480666571, 6.496806999127185e-07
380, 9.572593480666571, 6.522160892138122e-07
381, 2.320183379589601, 4.020651171674947e-07
382, 2.320183379589601, 4.0334151915722934e-07
383, 2.320183379589601, 3.735103939089514e-07
384, 2.320183379589601, 3.7254014924699924e-07
385, 2.320183379589601, 3.7203955233490937e-07
386, 2.320183379589601, 3.6288573490907597e-07
387, 2.320183379589601, 3.6386025547930964e-07
388, 2.320183379589601, 3.6386025547930964e-07
389, 2.320183379589601, 3.6598273208090516e-07
390, 2.320183379589601, 3.6319628209354646e-07
391, 2.320183379589601, 3.2346476476413546e-07
392, 1.4196966444543588, 2.6148956861067276e-07
393, 1.4196966444543588, 2.2021246323390704e-07
394, 1.4196966444543588, 1.8006646051760957e-07
395, 1.4196966444543588, 1.6729544821694364e-07
396, 1.4196966444543588, 1.7149113422138357e-07
397, 0.05730424559893921, 1.5544482031657968e-07
398, 0.05730424559893921, 1.4697558532014524e-07
399, 0.05730424559893921, 1.3872624175071714e-07
400, 0.05730424559893921, 1.7769313325018622e-07
401, 0.05730424559893921, 1.993655017249571e-07
402, 0.05730424559893921, 2.63509480839916e-07
403, 0.05730424559893921, 2.505509041340392e-07
404, 0.05730424559893921, 2.0415055269007727e-07
405, 0.05202271878453546, 1.7834750383955786e-07
406, 0.05202271878453546, 1.6003052978603837e-07
407, 0.05202271878453546, 1.5913102232006937e-07
408, 0.019488561308979246, 1.463068650985424e-07
409, 0.019488561308979246, 1.2477645087305967e-07
410, 0.019488561308979246, 1.1250554959754334e-07
411, 0.019488561308979246, 1.183412591043626e-07
412, 0.019488561308979246, 1.3050144074860814e-07
413, 0.009016402559162362, 1.229289892142122e-07
414, 0.009016402559162362, 1.1799258928224809e-07
415, 0.008430970614803801, 1.1056447630282723e-07
416, 0.008430970614803801, 1.228171664930602e-07
417, 0.006050723237784883, 1.2811230753831014e-07
418, 0.0014441879188358264, 1.0945163799285097e-07
419, 0.0004537314567980566, 1.2808836015503632e-07
420, 0.0004537314567980566, 1.2311051434242073e-07
421, 0.0004537314567980566, 1.2022494951583383e-07
422, 0.0003028839534704453, 1.1154238337661973e-07
423, 0.00018733042576757342, 1.0580364411409876e-07
424, 0.00018733042576757342, 1.0700620939430956e-07
425, 0.00018733042576757342, 1.3011050373616847e-07
426, 2.0195553706248148e-05, 1.0272393451491191e-07
427, 2.0195553706248148e-05, 1.1547769209666482e-07
428, 2.0195553706248148e-05, 1.1997844730158041e-07
429, 2.0195553706248148e-05, 1.3141812771231445e-07
430, 5.701289901072215e-06, 1.0164681178355398e-07
431, 5.701289901072215e-06, 1.0091781512552983e-07
432, 5.701289901072215e-06, 1.1190114663671861e-07
433, 5.701289901072215e-06, 8.507684807585407e-08
434, 5.701289901072215e-06, 7.732594230927301e-08
435, 5.701289901072215e-06, 6.937979321043212e-08
436, 2.5595261772259903e-06, 7.844675357370855e-08
437, 1.2749904070297191e-06, 8.205669005478256e-08
438, 5.82790840031322e-07, 8.901850906770934e-08
439, 2.3487420763856903e-07, 9.888467440315147e-08
440, 2.3487420763856903e-07, 9.824967149405998e-08
441, 2.3487420763856903e-07, 1.0163066104110761e-07
442, 2.2893845441629423e-07, 8.849687555486078e-08
443, 1.7739203572730844e-07, 9.961865441345253e-08
444, 1.3017054545372275e-08, 1.0914112161138374e-07
445, 1.3017054545372275e-08, 1.1159537843356493e-07
446, 1.3017054545372275e-08, 1.1058220184177064e-07
447, 1.3017054545372275e-08, 9.795618901091232e-08
448, 1.3017054545372275e-08, 9.649385780734113e-08
449, 1.3017054545372275e-08, 8.668159846768803e-08
450, 7.808133251074878e-09, 7.36618183628996e-08
451, 3.26494431490687e-09, 1.0398087973768967e-07
452, 3.26494431490687e-09, 8.423382290057655e-08
453, 2.38308972555501e-09, 8.344356896480601e-08
454, 2.38308972555501e-09, 7.070038950690427e-08
455, 1.2218226430604773e-11, 9.597797722717562e-08
456, 1.2218226430604773e-11, 9.211965143451498e-08
457, 1.2218226430604773e-11, 9.08731785144574e-08
458, 1.2218226430604773e-11, 1.243584845715273e-07
459, 1.2218226430604773e-11, 1.0193637104817478e-07
460, 1.2218226430604773e-11, 1.2620345869841586e-07
461, 1.2218226430604773e-11, 1.0573641465415795e-07
462, 1.2218226430604773e-11, 1.0662964348293411e-07
