iterations, fitness, congestion
1731, 8.278770118284031, 8.727872314209748e-07
1732, 8.278770118284031, 8.763330717174311e-07
1733, 8.278770118284031, 6.456522098069968e-07
1734, 3.5428303441767253, 4.89965286554552e-07
1735, 3.5428303441767253, 4.400793560920846e-07
1736, 3.5428303441767253, 4.246549036530993e-07
1737, 3.5428303441767253, 3.905137630066769e-07
1738, 3.5428303441767253, 3.900141255370364e-07
1739, 3.5428303441767253, 3.554485546170731e-07
1740, 3.5428303441767253, 3.1307073968236235e-07
1741, 0.5619604955179622, 2.2411236459363487e-07
1742, 0.5619604955179622, 1.9905447506372312e-07
1743, 0.5619604955179622, 1.6295998869744058e-07
1744, 0.5619604955179622, 1.4677380696420465e-07
1745, 0.5619604955179622, 1.2560453253625692e-07
1746, 0.5619604955179622, 1.4401069346424828e-07
1747, 0.5619604955179622, 1.477973118668891e-07
1748, 0.5619604955179622, 1.3196680027633714e-07
1749, 0.5619604955179622, 2.0014419138973246e-07
1750, 0.23825693911146617, 2.1562308163360778e-07
1751, 0.23825693911146617, 1.6648673390093416e-07
1752, 0.03797242282186675, 1.6558645685937988e-07
1753, 0.03797242282186675, 1.4799252195439647e-07
1754, 0.03797242282186675, 1.3167701635437407e-07
1755, 0.03797242282186675, 1.3011380245409724e-07
1756, 0.03797242282186675, 1.4300611585585312e-07
1757, 0.013294557021467757, 1.2251910719014424e-07
1758, 0.013294557021467757, 9.851042438581676e-08
1759, 0.013294557021467757, 1.3145952349695278e-07
1760, 0.013294557021467757, 1.543843786116954e-07
1761, 0.0008556483396380266, 1.2797678094327694e-07
1762, 0.0008556483396380266, 1.0779889528932275e-07
1763, 0.00075330253612238, 1.3327507207151013e-07
1764, 0.00075330253612238, 1.1634819050693015e-07
1765, 0.00075330253612238, 1.1305953559110535e-07
1766, 0.00010850452581623315, 9.656713948057285e-08
1767, 0.00010850452581623315, 9.142951844957676e-08
1768, 4.526635306634219e-05, 1.0896880070714748e-07
1769, 1.3768232019817361e-05, 9.058187413816078e-08
1770, 1.3768232019817361e-05, 7.780731899475919e-08
1771, 1.3768232019817361e-05, 9.904949138850206e-08
1772, 2.735435313372392e-06, 1.1003466644403669e-07
1773, 1.6394921726892164e-06, 9.377972975425223e-08
1774, 1.4700582693372155e-06, 8.566473720322006e-08
1775, 7.314917351841643e-07, 1.0071665231949663e-07
1776, 8.606208057315712e-08, 7.297539533408243e-08
1777, 8.606208057315712e-08, 7.813077740766965e-08
1778, 8.606208057315712e-08, 5.767040735194662e-08
1779, 1.3330773374065075e-08, 5.2574542096217026e-08
1780, 1.3330773374065075e-08, 8.421563673497292e-08
1781, 1.3330773374065075e-08, 8.618947596908971e-08
1782, 1.3330773374065075e-08, 9.830840268671547e-08
1783, 1.3330773374065075e-08, 1.2530967096490967e-07
1784, 3.788958924388908e-09, 9.05969848557429e-08
1785, 3.788958924388908e-09, 1.0546141184028556e-07
1786, 3.788958924388908e-09, 9.804539597029757e-08
1787, 2.6085129611885804e-09, 9.285211210070238e-08
1788, 1.5504331152271789e-09, 8.304548633605572e-08
1789, 5.443330231003074e-10, 8.274360051590451e-08
1790, 5.443330231003074e-10, 1.1142455305244326e-07
1791, 3.65152352799214e-11, 1.3069948253423816e-07
1792, 3.3008706878945304e-11, 1.0409100035114005e-07
1793, 3.3008706878945304e-11, 1.1310476811851718e-07
1794, 3.3008706878945304e-11, 1.312496359270781e-07
1795, 3.3008706878945304e-11, 1.100020626064527e-07
1796, 2.1188828469576038e-11, 9.744529058629804e-08
1797, 4.871214542845337e-12, 8.177107162505858e-08
1798, 4.39515090988607e-12, 1.0622448304711914e-07
1799, 4.39515090988607e-12, 9.340377729312734e-08
1800, 2.220890138460163e-12, 1.37523583804196e-07
1801, 3.241851231905457e-14, 1.1692599497877513e-07
1802, 3.241851231905457e-14, 1.1096333611780659e-07
1803, 3.241851231905457e-14, 1.1063976572550403e-07
1804, 3.241851231905457e-14, 1.3459194801184355e-07
1805, 3.241851231905457e-14, 1.1974036549926323e-07
1806, 3.241851231905457e-14, 9.942184436591578e-08
1807, 3.241851231905457e-14, 1.1721494650291578e-07
1808, 3.241851231905457e-14, 9.437915854976342e-08
1809, 1.1102230246251565e-14, 9.477393195801482e-08
1810, 1.1102230246251565e-14, 5.7588459807546974e-08
1811, 7.549516567451064e-15, 6.176716798520695e-08
1812, 4.440892098500626e-16, 6.186695931319294e-08
1813, 4.440892098500626e-16, 1.2853623824908507e-07
1814, 4.440892098500626e-16, 1.24217196313367e-07
1815, 4.440892098500626e-16, 1.2701070870435527e-07
1816, 4.440892098500626e-16, 1.2937523028719366e-07
1817, 4.440892098500626e-16, 1.3128356858760943e-07
1818, 4.440892098500626e-16, 1.1872009192749439e-07
1819, 4.440892098500626e-16, 9.690213639781908e-08
1820, 4.440892098500626e-16, 1.0270230174680072e-07
1821, 4.440892098500626e-16, 1.2302316154229686e-07
1822, 4.440892098500626e-16, 450359962.7370496
