iterations, fitness, congestion
1, 3.869110063808972, 1.0280293339728698e-06
2, 1.8085353360031893, 6.809338484429238e-07
3, 1.8085353360031893, 6.195874577457646e-07
4, 1.8085353360031893, 5.424676790888679e-07
5, 1.8085353360031893, 4.731088824461977e-07
6, 1.8085353360031893, 4.1085748562844725e-07
7, 1.0089371829914033, 3.469961411046374e-07
8, 1.0089371829914033, 2.660267725374783e-07
9, 1.0089371829914033, 2.3958450795711004e-07
10, 1.0089371829914033, 1.9184624662361025e-07
11, 1.0089371829914033, 1.637372136075494e-07
12, 0.3725874658212409, 1.510882817419488e-07
13, 0.3725874658212409, 1.317443682482796e-07
14, 0.3725874658212409, 1.262340381680652e-07
15, 0.2614793689507633, 1.7607899890533136e-07
16, 0.023751459872599856, 2.1338757584182155e-07
17, 0.023751459872599856, 2.0823309541658122e-07
18, 0.005826371607352332, 1.790169059486196e-07
19, 0.005826371607352332, 1.4846752217283518e-07
20, 0.005826371607352332, 1.3531982045110837e-07
21, 0.0010799693047620629, 1.0680861668330971e-07
22, 0.0010799693047620629, 8.567030764890231e-08
23, 0.0007073603438283449, 8.415511102345802e-08
24, 1.0030725583920486e-05, 9.490105655640127e-08
25, 1.0030725583920486e-05, 8.237028339921687e-08
26, 1.0030725583920486e-05, 8.126477026820693e-08
27, 1.0030725583920486e-05, 6.689798358370924e-08
28, 6.430550094638221e-06, 6.736932252833594e-08
29, 3.833353492854741e-06, 6.338315018769081e-08
30, 3.833353492854741e-06, 9.103541320981245e-08
31, 2.229485268845366e-06, 7.097824335795804e-08
32, 8.602701204729613e-07, 8.966358770105394e-08
33, 1.7317126621563261e-07, 8.962909079579187e-08
34, 1.7317126621563261e-07, 9.129401662223346e-08
35, 1.7317126621563261e-07, 1.0626847635236683e-07
36, 1.7317126621563261e-07, 8.962954463167903e-08
37, 2.490118022890897e-08, 8.254920553744734e-08
38, 2.490118022890897e-08, 8.562308185022253e-08
39, 6.355489023945893e-09, 8.814862100319479e-08
40, 4.1229353264782276e-09, 8.230838982668395e-08
41, 4.1229353264782276e-09, 6.988882121685847e-08
42, 3.906340584336476e-09, 6.34279831170638e-08
43, 3.5389691177556415e-10, 8.526369377581436e-08
44, 3.858646735466209e-11, 8.290255603065665e-08
45, 3.858646735466209e-11, 8.253427277267707e-08
46, 3.858646735466209e-11, 6.637735174861464e-08
47, 3.858646735466209e-11, 9.289725671717845e-08
48, 5.095035504609768e-12, 7.80967466013064e-08
49, 1.2367884494324244e-12, 7.968272471181996e-08
50, 1.2367884494324244e-12, 8.243575119294945e-08
51, 1.2367884494324244e-12, 8.939234489845579e-08
52, 1.2367884494324244e-12, 9.349350778843317e-08
53, 1.2367884494324244e-12, 8.754667060754782e-08
54, 4.3076653355456074e-14, 8.164811578681393e-08
55, 4.3076653355456074e-14, 8.261698502381605e-08
56, 4.3076653355456074e-14, 8.299419709343952e-08
57, 4.3076653355456074e-14, 9.427573058670542e-08
58, 3.9968028886505635e-15, 8.638640233775491e-08
59, 3.9968028886505635e-15, 9.006121897296043e-08
60, 3.9968028886505635e-15, 7.807378623415158e-08
61, 3.9968028886505635e-15, 9.126621347555108e-08
62, 3.9968028886505635e-15, 8.335548524647774e-08
63, 3.9968028886505635e-15, 8.17479897958121e-08
64, 4.440892098500626e-16, 7.42223962328188e-08
65, 4.440892098500626e-16, 6.359449379249225e-08
66, 4.440892098500626e-16, 8.759073906111723e-08
67, 4.440892098500626e-16, 7.626509673687063e-08
68, 4.440892098500626e-16, 7.83154083716173e-08
69, 4.440892098500626e-16, 7.713625833950082e-08
70, 4.440892098500626e-16, 6.13777188675664e-08
71, 4.440892098500626e-16, 8.991871128841565e-08
72, 4.440892098500626e-16, 9.220704535678213e-08
73, 4.440892098500626e-16, 9.452705848265644e-08
74, 4.440892098500626e-16, 9.463817837564676e-08
75, 4.440892098500626e-16, 1.1609560760066101e-07
76, 4.440892098500626e-16, 1.9849496851369432e-07
77, 4.440892098500626e-16, 2.7291926392820905e-07
78, 4.440892098500626e-16, 2.7291926392820905e-07
79, 4.440892098500626e-16, 2.7291926392820905e-07
80, 4.440892098500626e-16, 450359962.7370496
