iterations, fitness, congestion
183, 17.212730564840008, 2.3217698695630328e-06
184, 7.911852104311089, 8.042117438960271e-07
185, 7.911852104311089, 7.4876111467375e-07
186, 7.911852104311089, 7.580003950667798e-07
187, 7.911852104311089, 7.476484249017237e-07
188, 6.283896736288991, 5.369273231759751e-07
189, 6.283896736288991, 5.417046808403203e-07
190, 6.283896736288991, 5.430699841975102e-07
191, 6.283896736288991, 4.81661296412068e-07
192, 3.6919212953419955, 3.419495549047014e-07
193, 3.6919212953419955, 2.866676847080359e-07
194, 3.0200899363278997, 1.9984284147558867e-07
195, 1.2361646350107596, 1.4756394186436968e-07
196, 1.2361646350107596, 1.620512201725228e-07
197, 0.7389499479103709, 1.6954959439734246e-07
198, 0.03861393748695052, 1.7713593427181764e-07
199, 0.03861393748695052, 2.1281882281497014e-07
200, 0.03861393748695052, 2.3165896618476312e-07
201, 0.03861393748695052, 2.2948827051453418e-07
202, 0.03861393748695052, 2.6093875155865087e-07
203, 0.03861393748695052, 2.420679915621397e-07
204, 0.03861393748695052, 1.9406098598333273e-07
205, 0.03751401457640613, 1.2617896231060113e-07
206, 0.03751401457640613, 1.0469997682044433e-07
207, 0.03451194300044991, 1.1468394051209459e-07
208, 0.0041228719878003695, 1.022775196319499e-07
209, 0.0034748117705558634, 1.031307304933648e-07
210, 0.0017106935307222848, 9.009109242748862e-08
211, 0.0017106935307222848, 1.1010328577901336e-07
212, 0.0012798061679828443, 1.157972379904145e-07
213, 0.00037986281622481854, 1.1537554079560223e-07
214, 6.803838692137631e-05, 9.521886570763332e-08
215, 6.803838692137631e-05, 9.61452492380595e-08
216, 1.6704209358398003e-05, 1.0006523188784947e-07
217, 6.652960291564369e-06, 9.383845136210168e-08
218, 1.0236847072242483e-06, 7.681423708176205e-08
219, 1.0236847072242483e-06, 8.219365318835961e-08
220, 5.15120607946784e-07, 9.538404850933227e-08
221, 5.15120607946784e-07, 9.362945381557745e-08
222, 2.4013065758055063e-08, 1.1253848381731198e-07
223, 2.4013065758055063e-08, 1.1558365064681559e-07
224, 2.4013065758055063e-08, 1.1110355400496982e-07
225, 2.4013065758055063e-08, 9.938142376165675e-08
226, 2.4013065758055063e-08, 8.914398850834186e-08
227, 2.4013065758055063e-08, 7.72497863031168e-08
228, 2.4013065758055063e-08, 1.0258738627006386e-07
229, 2.4013065758055063e-08, 1.1546222893022846e-07
230, 7.806619795047709e-09, 1.1752373488286537e-07
231, 2.1872925692889567e-09, 1.2348493487288696e-07
232, 8.96424712237831e-10, 1.0037732260938863e-07
233, 8.96424712237831e-10, 1.1457529806953354e-07
234, 9.270850753750892e-11, 1.0560219910450829e-07
235, 9.270850753750892e-11, 6.647024312197659e-08
236, 9.270850753750892e-11, 1.1613746720660971e-07
237, 9.270850753750892e-11, 1.2992146853276707e-07
238, 9.270850753750892e-11, 1.2191868693527567e-07
239, 9.270850753750892e-11, 1.1758189537314586e-07
240, 4.1457060007132895e-11, 1.2262465979967148e-07
241, 1.992761511360186e-11, 9.146231428896271e-08
242, 4.871214542845337e-12, 8.279083635431138e-08
243, 4.871214542845337e-12, 1.1867280107804198e-07
244, 3.212097254845503e-12, 1.1413131044403327e-07
245, 1.5352163984516665e-12, 9.244880628133295e-08
246, 3.1308289294429414e-13, 7.776977339947073e-08
247, 1.567634910770721e-13, 4.9550730922116685e-08
248, 2.886579864025407e-14, 1.0506760669321044e-07
249, 2.886579864025407e-14, 1.217360805346265e-07
250, 2.886579864025407e-14, 9.181401017979595e-08
251, 2.886579864025407e-14, 1.0468967507264605e-07
252, 3.9968028886505635e-15, 1.2392494743526939e-07
253, 3.9968028886505635e-15, 7.617213433068452e-08
254, 3.9968028886505635e-15, 5.5340932429948396e-08
255, 4.440892098500626e-16, 1.1756259572163527e-07
256, 4.440892098500626e-16, 1.1169608157733239e-07
257, 4.440892098500626e-16, 1.0792588331363877e-07
258, 4.440892098500626e-16, 8.082555674695729e-08
259, 4.440892098500626e-16, 8.634654169316112e-08
260, 4.440892098500626e-16, 1.1048543456039799e-07
261, 4.440892098500626e-16, 9.687499999999997e-08
262, 4.440892098500626e-16, 1.0189334847911175e-07
263, 4.440892098500626e-16, 450359962.7370496
