iterations, fitness, congestion
1, 13.193357001288959, 1.0308466369722106e-06
2, 13.193357001288959, 1.0554499293031879e-06
3, 6.613303127376849, 6.649020065089673e-07
4, 6.613303127376849, 6.146975700642815e-07
5, 6.613303127376849, 6.133865164041802e-07
6, 6.613303127376849, 6.140696168397838e-07
7, 6.613303127376849, 5.449863364847776e-07
8, 6.529345339581177, 4.3406872089909004e-07
9, 5.0600340495614375, 3.6297207713757026e-07
10, 1.8770418467918657, 2.489061861786881e-07
11, 1.8770418467918657, 2.234877305208231e-07
12, 1.8770418467918657, 1.950960570606448e-07
13, 1.8770418467918657, 1.7127318850329657e-07
14, 1.8770418467918657, 1.5308699520016903e-07
15, 1.4648971633256207, 1.4408871371099263e-07
16, 0.646009601302588, 1.3956258579121718e-07
17, 0.646009601302588, 1.886867980610166e-07
18, 0.646009601302588, 1.45293498137623e-07
19, 0.646009601302588, 1.293669486044382e-07
20, 0.49957456927954924, 2.2515348777791085e-07
21, 0.02208744898110071, 2.1614595477278876e-07
22, 0.02208744898110071, 1.5566258484793523e-07
23, 0.02208744898110071, 1.3685126913970155e-07
24, 0.0166037541809243, 1.2253372575237875e-07
25, 0.0005194791183105174, 1.1697416628259409e-07
26, 0.0005194791183105174, 1.1752562483181743e-07
27, 0.0005194791183105174, 1.1298140706061011e-07
28, 0.0005194791183105174, 8.32134944833806e-08
29, 0.0005194791183105174, 8.959523455290136e-08
30, 0.0005190766391902635, 7.285517006456381e-08
31, 0.0002545558473419085, 1.1274774807588302e-07
32, 2.8287203908128333e-06, 8.006349252345802e-08
33, 2.8287203908128333e-06, 1.164863238065291e-07
34, 2.8287203908128333e-06, 1.3410908978607369e-07
35, 2.8287203908128333e-06, 1.211395002653739e-07
36, 2.8287203908128333e-06, 1.0888944121209868e-07
37, 2.8287203908128333e-06, 8.172856215243838e-08
38, 2.8287203908128333e-06, 1.1443915255940747e-07
39, 9.168937435966029e-07, 9.890838450360867e-08
40, 2.130591991722497e-07, 9.33581561500188e-08
41, 7.186575290418773e-08, 8.572534441340634e-08
42, 7.186575290418773e-08, 1.1766332659775109e-07
43, 7.186575290418773e-08, 1.0534190904563882e-07
44, 4.208345361078614e-08, 9.977137594267106e-08
45, 4.208345361078614e-08, 1.1127047825329952e-07
46, 8.758558767141267e-09, 1.201464694845009e-07
47, 7.737849916367168e-09, 1.2792741466446405e-07
48, 5.512966527732033e-09, 1.2524418136961942e-07
49, 5.512966527732033e-09, 1.1181994532961018e-07
50, 5.512966527732033e-09, 1.287235936457907e-07
51, 5.512966527732033e-09, 1.1484923491233936e-07
52, 4.615003934560491e-09, 1.1562255572165667e-07
53, 4.615003934560491e-09, 1.1264100927763343e-07
54, 3.908029455601536e-11, 9.186070280792038e-08
55, 2.502931195635938e-11, 9.004705613589148e-08
56, 2.502931195635938e-11, 1.032936553208763e-07
57, 2.502931195635938e-11, 1.0924993953706516e-07
58, 2.502931195635938e-11, 1.1135957533405952e-07
59, 2.502931195635938e-11, 9.43343669850762e-08
60, 6.45572484359036e-12, 8.497213818064693e-08
61, 6.794564910705958e-14, 7.590288162605605e-08
62, 6.794564910705958e-14, 1.1257336503160788e-07
63, 2.886579864025407e-14, 8.733988999141331e-08
64, 2.886579864025407e-14, 6.854068596223599e-08
65, 2.886579864025407e-14, 1.005517485036831e-07
66, 2.886579864025407e-14, 9.746453373702153e-08
67, 2.886579864025407e-14, 8.778381801829e-08
68, 2.886579864025407e-14, 8.048642059873989e-08
69, 2.886579864025407e-14, 7.254867041453977e-08
70, 2.886579864025407e-14, 9.597654246659802e-08
71, 1.8207657603852567e-14, 8.755316790113796e-08
72, 1.8207657603852567e-14, 8.48260140252999e-08
73, 1.8207657603852567e-14, 8.719278748810614e-08
74, 3.9968028886505635e-15, 1.4547940132868547e-07
75, 4.440892098500626e-16, 1.456748508192188e-07
76, 4.440892098500626e-16, 1.0487240801906736e-07
77, 4.440892098500626e-16, 1.452301573961344e-07
78, 4.440892098500626e-16, 1.0323947218636113e-07
79, 4.440892098500626e-16, 1.0638122149004628e-07
80, 4.440892098500626e-16, 9.503288904374106e-08
81, 4.440892098500626e-16, 9.583333333333328e-08
82, 4.440892098500626e-16, 1.2302316154229686e-07
83, 4.440892098500626e-16, 1.2302316154229686e-07
84, 4.440892098500626e-16, 450359962.7370496
