iterations, fitness, congestion
763, 20.073624911159378, 3.7096077408500977e-06
764, 20.073624911159378, 3.964207718832058e-06
765, 18.45121400582225, 2.7895174246227516e-06
766, 18.45121400582225, 3.019556513429555e-06
767, 18.45121400582225, 3.2089345056255707e-06
768, 16.34737508997558, 2.0921771229677558e-06
769, 16.257390057277096, 1.690554698137164e-06
770, 16.257390057277096, 1.69584033998567e-06
771, 16.257390057277096, 1.7091005986402772e-06
772, 16.257390057277096, 1.5445382994725412e-06
773, 10.32021542557836, 9.157549990129304e-07
774, 10.32021542557836, 9.119585983504758e-07
775, 3.922885643939751, 5.446650711830088e-07
776, 3.922885643939751, 5.451829753103273e-07
777, 3.922885643939751, 4.546976853719705e-07
778, 2.789714477970922, 3.6617139153210945e-07
779, 2.789714477970922, 3.5164348222813956e-07
780, 2.789714477970922, 3.5167860605968227e-07
781, 2.789714477970922, 3.400903009929212e-07
782, 2.789714477970922, 3.40121668505206e-07
783, 2.789714477970922, 3.4055293716262225e-07
784, 2.789714477970922, 3.150241302779935e-07
785, 2.789714477970922, 3.151238614897267e-07
786, 2.789714477970922, 3.1517338042539584e-07
787, 2.2403434618501312, 2.687564413256829e-07
788, 2.2403434618501312, 2.6874852419064823e-07
789, 2.2403434618501312, 2.6874852419064823e-07
790, 2.2403434618501312, 2.4785495029659144e-07
791, 2.2403434618501312, 2.449351549826858e-07
792, 2.2403434618501312, 2.404744940119481e-07
793, 2.2403434618501312, 2.404744940119481e-07
794, 2.2403434618501312, 2.4120107072387545e-07
795, 2.2403434618501312, 2.4120107072387545e-07
796, 2.2403434618501312, 2.370037801731606e-07
797, 2.2403434618501312, 2.294896035692125e-07
798, 2.2403434618501312, 2.2815059188931452e-07
799, 2.2403434618501312, 2.2845130903362535e-07
800, 2.2403434618501312, 2.286902376085627e-07
801, 2.2403434618501312, 2.2737559583631504e-07
802, 2.2403434618501312, 2.2737409114024795e-07
803, 2.2403434618501312, 2.2737409114024795e-07
804, 2.0557156560958174, 2.1087021091484545e-07
805, 2.0557156560958174, 2.0434871794113146e-07
806, 2.0557156560958174, 1.7928873568703412e-07
807, 2.0557156560958174, 1.7441740316930325e-07
808, 2.0557156560958174, 1.5256593436266874e-07
809, 2.0557156560958174, 1.4662934120558803e-07
810, 2.0557156560958174, 1.4976551563807257e-07
811, 0.6795821670573088, 1.666418552861685e-07
812, 0.6795821670573088, 1.67902318545667e-07
813, 0.07803753025577764, 1.605129769019324e-07
814, 0.07803753025577764, 1.9404495540484115e-07
815, 0.07803753025577764, 2.2096247266189776e-07
816, 0.07803753025577764, 2.2789422827135486e-07
817, 0.07803753025577764, 2.31550288501411e-07
818, 0.013447078497894172, 2.0741982745390174e-07
819, 0.013447078497894172, 2.0003369580690308e-07
820, 0.013447078497894172, 2.0078468133289717e-07
821, 0.013447078497894172, 2.104506753890906e-07
822, 0.013447078497894172, 1.8890358515360396e-07
823, 0.013447078497894172, 1.6027059509844633e-07
824, 0.013447078497894172, 1.3592277799437086e-07
825, 0.013447078497894172, 1.1611336198006813e-07
826, 0.009785986252382362, 1.097739521587618e-07
827, 0.009785986252382362, 1.0477420141904878e-07
828, 0.006258535755958139, 1.0089312888119035e-07
829, 0.006258535755958139, 9.911323252470249e-08
830, 0.006258535755958139, 1.0434195067664076e-07
831, 0.006258535755958139, 9.577807361921503e-08
832, 0.003586673751158731, 7.672898051173403e-08
833, 0.003586673751158731, 7.356052089068872e-08
834, 0.00040489965168832853, 1.2724409792965853e-07
835, 0.00040489965168832853, 1.1916843247920527e-07
836, 0.00040489965168832853, 1.1636823822163266e-07
837, 0.00015851164982594312, 1.1753924899360934e-07
838, 0.00015851164982594312, 1.0420227984452653e-07
839, 0.00015851164982594312, 9.504195191365347e-08
840, 0.00015851164982594312, 9.533939670173913e-08
841, 0.00015851164982594312, 9.00324322631431e-08
842, 0.00014547211090887302, 9.092744975806372e-08
843, 7.18701989090853e-05, 8.336931003058004e-08
844, 7.18701989090853e-05, 8.340170549681742e-08
845, 7.18701989090853e-05, 7.304276584764347e-08
846, 7.18701989090853e-05, 9.616919517321507e-08
847, 1.5938722452979448e-06, 8.878494021445126e-08
848, 1.5938722452979448e-06, 9.827533536482288e-08
849, 1.5938722452979448e-06, 1.0132213553467568e-07
850, 1.5938722452979448e-06, 1.0770375156061054e-07
851, 1.5938722452979448e-06, 1.0266284935657907e-07
852, 1.5938722452979448e-06, 8.410134934242198e-08
853, 1.5938722452979448e-06, 8.846207910469315e-08
854, 1.116460400130137e-06, 8.527243257529439e-08
855, 1.116460400130137e-06, 1.0502019432856149e-07
856, 1.116460400130137e-06, 9.171330140776173e-08
857, 1.116460400130137e-06, 1.0675516709760029e-07
858, 7.107289379248982e-08, 9.251642350646971e-08
859, 7.107289379248982e-08, 8.639373342512192e-08
860, 7.107289379248982e-08, 9.495044558741911e-08
861, 7.107289379248982e-08, 1.2448958363805734e-07
862, 7.107289379248982e-08, 1.1637740269040893e-07
