iterations, fitness, congestion
1923, 16.446712232019195, 2.0009121346189595e-06
1924, 16.446712232019195, 2.047381048485302e-06
1925, 8.00780309120541, 8.215434339706939e-07
1926, 8.00780309120541, 8.295854969059233e-07
1927, 8.00780309120541, 8.309477458138389e-07
1928, 8.00780309120541, 7.059039810907523e-07
1929, 8.00780309120541, 7.11604146233115e-07
1930, 8.00780309120541, 7.012225165675457e-07
1931, 8.00780309120541, 6.877381830801449e-07
1932, 2.840603066419114, 4.59607910644941e-07
1933, 2.840603066419114, 3.934903625354948e-07
1934, 2.840603066419114, 3.9310246582856285e-07
1935, 2.840603066419114, 3.935464390046971e-07
1936, 2.840603066419114, 3.883561979852972e-07
1937, 2.840603066419114, 3.888984557958651e-07
1938, 2.840603066419114, 3.898466880212961e-07
1939, 2.840603066419114, 3.9000319384760016e-07
1940, 2.840603066419114, 3.456409071479855e-07
1941, 2.840603066419114, 3.3993953055408014e-07
1942, 2.840603066419114, 3.4062242251264974e-07
1943, 2.840603066419114, 3.4062242251264974e-07
1944, 2.840603066419114, 3.0852941181189935e-07
1945, 2.840603066419114, 2.9707582811844847e-07
1946, 2.840603066419114, 2.3733406776068784e-07
1947, 2.840603066419114, 2.3634897839414915e-07
1948, 2.840603066419114, 2.2658791193071344e-07
1949, 2.840603066419114, 2.0410597529221925e-07
1950, 2.840603066419114, 2.069505863856251e-07
1951, 2.840603066419114, 1.969887124461706e-07
1952, 2.7375369010466284, 1.8337421989723724e-07
1953, 2.112884475104004, 1.697865159688275e-07
1954, 2.112884475104004, 1.6383367637929571e-07
1955, 2.0356619560065146, 2.103616719326141e-07
1956, 2.0356619560065146, 1.8894293766413567e-07
1957, 0.6043686637329739, 1.7199310937288796e-07
1958, 0.6043686637329739, 2.046126584061113e-07
1959, 0.5726046338101871, 2.596417210325582e-07
1960, 0.5726046338101871, 2.68269236739557e-07
1961, 0.28254732871468535, 2.2677944158637095e-07
1962, 0.14237681841439853, 2.0071546761138463e-07
1963, 0.08037786406810499, 1.5851133555317825e-07
1964, 0.08037786406810499, 1.6160043539551492e-07
1965, 0.08037786406810499, 1.6244576153621059e-07
1966, 0.04216040057058423, 1.293705478599152e-07
1967, 0.029124692280430242, 1.0890011846595697e-07
1968, 0.029124692280430242, 1.1187354237662435e-07
1969, 0.029124692280430242, 1.0897252857001789e-07
1970, 0.014195375137184829, 9.653143523906391e-08
1971, 0.014195375137184829, 1.0853524779451955e-07
1972, 0.00552578640379453, 8.74391744986771e-08
1973, 0.00016472445150172987, 8.522775208593312e-08
1974, 0.00016472445150172987, 9.636049123948544e-08
1975, 0.00016472445150172987, 8.216821956621429e-08
1976, 0.00016472445150172987, 7.821304748257427e-08
1977, 0.00016472445150172987, 1.1879303653697596e-07
1978, 0.00016472445150172987, 1.161950169870755e-07
1979, 0.00016472445150172987, 1.0415749965956564e-07
1980, 0.00016472445150172987, 9.819273038701251e-08
1981, 0.00016472445150172987, 8.697871698961665e-08
1982, 5.841361894143304e-05, 7.747152250252695e-08
1983, 5.841361894143304e-05, 1.3671244012509215e-07
1984, 5.841361894143304e-05, 1.3448245166353104e-07
1985, 2.5795286930918593e-05, 1.137216341379837e-07
1986, 2.5795286930918593e-05, 1.0075107626524077e-07
1987, 2.5795286930918593e-05, 1.0795288457423657e-07
1988, 2.5795286930918593e-05, 9.338964578015778e-08
1989, 2.5795286930918593e-05, 1.1092948822536211e-07
1990, 1.899175366348871e-05, 9.47263058504131e-08
1991, 1.899175366348871e-05, 8.309701452293764e-08
1992, 3.5196847147922483e-06, 7.64842835635059e-08
1993, 3.5196847147922483e-06, 1.0141263268096429e-07
1994, 9.606831286035344e-08, 6.909041425798535e-08
1995, 9.606831286035344e-08, 9.417667241852103e-08
1996, 5.6624092525936476e-08, 1.0918144226595872e-07
1997, 5.6624092525936476e-08, 1.1722027671046202e-07
1998, 5.6624092525936476e-08, 1.1519768344384035e-07
1999, 5.6624092525936476e-08, 1.0484807361188515e-07
2000, 4.6991417423924986e-08, 9.60526497441074e-08
2001, 4.6991417423924986e-08, 1.1417139946974674e-07
2002, 4.6991417423924986e-08, 1.0440961822982903e-07
2003, 1.6942426572796876e-08, 1.0208082993254042e-07
2004, 1.6942426572796876e-08, 8.746501698037957e-08
2005, 1.6942426572796876e-08, 1.0254799150786902e-07
2006, 1.6942426572796876e-08, 1.2626839591815452e-07
2007, 1.3768119977441984e-09, 9.490170000331876e-08
2008, 1.3768119977441984e-09, 8.289135144336632e-08
2009, 1.3768119977441984e-09, 7.57138821935293e-08
2010, 1.3768119977441984e-09, 8.646918808323222e-08
2011, 1.3768119977441984e-09, 1.017042077419552e-07
2012, 1.3768119977441984e-09, 1.0837032576360631e-07
2013, 1.3768119977441984e-09, 1.1191513370561128e-07
2014, 3.1915137199689525e-10, 1.2358167718996386e-07
2015, 3.1915137199689525e-10, 1.1975847697612176e-07
2016, 3.1915137199689525e-10, 1.0104220962388481e-07
2017, 3.1915137199689525e-10, 8.450218827083004e-08
2018, 3.165294693019405e-10, 1.3893651243316592e-07
2019, 3.165294693019405e-10, 1.3095563321248466e-07
2020, 3.165294693019405e-10, 1.0139442729768526e-07
2021, 6.91611212744192e-11, 1.101599329219893e-07
2022, 6.91611212744192e-11, 9.27224931741819e-08
