iterations, fitness, congestion
963, 20.11803410700335, 3.774994565777961e-06
964, 10.931427759006084, 8.169831072652666e-07
965, 10.931427759006084, 8.202392085653551e-07
966, 10.832889788558166, 6.712762583204486e-07
967, 10.832889788558166, 6.806666201874924e-07
968, 3.779647587732715, 4.725591156264153e-07
969, 3.779647587732715, 4.7346500991357857e-07
970, 3.779647587732715, 4.743626823100038e-07
971, 3.779647587732715, 4.7502773075273606e-07
972, 3.779647587732715, 4.701178032838749e-07
973, 3.779647587732715, 4.708217364596589e-07
974, 3.779647587732715, 4.2479124686180764e-07
975, 3.779647587732715, 4.261399926809738e-07
976, 3.779647587732715, 3.8171375512115966e-07
977, 3.779647587732715, 3.8171375512115966e-07
978, 3.779647587732715, 3.53133554331567e-07
979, 3.779647587732715, 3.308472198123286e-07
980, 3.779647587732715, 3.3091473397484864e-07
981, 3.779647587732715, 3.309885975111373e-07
982, 3.779647587732715, 3.3105870138687383e-07
983, 3.779647587732715, 3.3134932227370757e-07
984, 3.779647587732715, 3.307139999549614e-07
985, 3.5931627549578846, 3.287042132911402e-07
986, 3.5931627549578846, 3.287042132911402e-07
987, 3.5931627549578846, 3.287544014220376e-07
988, 3.5931627549578846, 3.298419710852398e-07
989, 3.5931627549578846, 3.129450048895378e-07
990, 3.5931627549578846, 3.1295561867620774e-07
991, 3.5931627549578846, 3.082887543141968e-07
992, 3.5931627549578846, 3.0849624167869337e-07
993, 3.545628290422439, 2.7591286990283825e-07
994, 3.545628290422439, 2.6988549656257214e-07
995, 2.3242750739949902, 2.428232577768484e-07
996, 2.3242750739949902, 2.3419241982256669e-07
997, 2.3242750739949902, 2.300636119867733e-07
998, 2.3242750739949902, 2.2115548279375653e-07
999, 2.3242750739949902, 1.8774800696291371e-07
1000, 2.3242750739949902, 1.603838997196172e-07
1001, 2.3242750739949902, 1.5602170317540435e-07
1002, 2.3242750739949902, 1.5426500776204665e-07
1003, 1.5667688942725353, 1.4422284858471742e-07
1004, 1.5667688942725353, 1.5905358292338223e-07
1005, 1.5667688942725353, 1.8250704452287906e-07
1006, 1.5667688942725353, 1.856951952742689e-07
1007, 1.5667688942725353, 1.8951910384084285e-07
1008, 0.7587022492348514, 1.9241539087773422e-07
1009, 0.7587022492348514, 2.2078229820911827e-07
1010, 0.7587022492348514, 3.254708393609553e-07
1011, 0.7587022492348514, 3.353560142999159e-07
1012, 0.7587022492348514, 3.2480433081184866e-07
1013, 0.7587022492348514, 3.510202779660639e-07
1014, 0.7409873207901012, 3.3896315970286946e-07
1015, 0.16481848461739945, 3.2080334161239853e-07
1016, 0.16481848461739945, 3.125406739629614e-07
1017, 0.013559979501192476, 2.6567224423886965e-07
1018, 0.013559979501192476, 2.2605976144913658e-07
1019, 0.013559979501192476, 2.0974312381698464e-07
1020, 0.013559979501192476, 1.9878906383150017e-07
1021, 0.013559979501192476, 1.8225551880628247e-07
1022, 0.013559979501192476, 1.8085618174679222e-07
1023, 0.013559979501192476, 1.6381814906957637e-07
1024, 0.013559979501192476, 1.4956542651006716e-07
1025, 0.013559979501192476, 1.5462701226757807e-07
1026, 0.013559979501192476, 1.5625084648790782e-07
1027, 0.013559979501192476, 1.3181056912247423e-07
1028, 0.013559979501192476, 1.180782553186207e-07
1029, 0.013559979501192476, 1.2224811819444721e-07
1030, 0.013559979501192476, 1.2115851858856958e-07
1031, 0.013559979501192476, 1.1395996742404461e-07
1032, 0.0026521221994362243, 9.854283263502612e-08
1033, 0.0026521221994362243, 9.802738560538284e-08
1034, 0.0026521221994362243, 1.0445135085034336e-07
1035, 0.0026521221994362243, 1.1430856796098196e-07
1036, 0.0012528367162905063, 1.0072384612635251e-07
1037, 0.0012358335702455925, 8.401315862145544e-08
1038, 0.0012358335702455925, 8.556317577384071e-08
1039, 0.0011001087889366268, 1.2285689098033576e-07
1040, 0.0002524356747604095, 1.0620337509207167e-07
1041, 0.0002524356747604095, 9.90292381158277e-08
1042, 0.0002524356747604095, 1.1487183093694302e-07
1043, 0.0002524356747604095, 1.0109034764303314e-07
1044, 0.0002524356747604095, 9.750707922759856e-08
1045, 0.0002524356747604095, 1.0460952383782598e-07
1046, 0.00020407346787409963, 9.699601758274813e-08
1047, 0.00020407346787409963, 1.0788301373804704e-07
1048, 0.00020407346787409963, 1.3151831973745202e-07
1049, 3.9321827632665673e-05, 1.069057937815552e-07
1050, 3.9321827632665673e-05, 1.0642801998922419e-07
1051, 3.9321827632665673e-05, 1.1675004739229542e-07
1052, 1.6760549901295718e-05, 1.2456978036172394e-07
1053, 1.6760549901295718e-05, 1.0408169832673859e-07
1054, 1.6760549901295718e-05, 1.0037129903060643e-07
1055, 1.6760549901295718e-05, 1.0378110625167555e-07
1056, 2.8787190986534483e-07, 1.3564458133793503e-07
1057, 2.8787190986534483e-07, 1.0379029397950508e-07
1058, 2.8787190986534483e-07, 1.0479454221266824e-07
1059, 2.8787190986534483e-07, 9.282624734200416e-08
1060, 2.8787190986534483e-07, 9.407234849608179e-08
1061, 2.8787190986534483e-07, 9.191889560153304e-08
1062, 2.8787190986534483e-07, 8.484673192182497e-08
