iterations, fitness, congestion
1349, 19.942828617019305, 3.304798387584515e-06
1350, 11.697231690454137, 1.1215189952852705e-06
1351, 11.697231690454137, 1.1429808830754902e-06
1352, 11.697231690454137, 1.1648206568881162e-06
1353, 10.80004793603113, 1.0567628332512157e-06
1354, 10.80004793603113, 9.320405546622549e-07
1355, 10.80004793603113, 8.404320001256793e-07
1356, 10.80004793603113, 7.339832600443868e-07
1357, 1.1558444729858839, 3.6937233573067484e-07
1358, 0.7673038355452957, 3.1838604093303015e-07
1359, 0.7673038355452957, 2.7664702590838305e-07
1360, 0.7673038355452957, 2.3389047201873558e-07
1361, 0.7673038355452957, 2.0565229480775577e-07
1362, 0.7673038355452957, 1.8004134127026567e-07
1363, 0.7673038355452957, 1.5632741681166455e-07
1364, 0.36084011622871914, 1.5599737582475905e-07
1365, 0.36084011622871914, 1.375744940167302e-07
1366, 0.36084011622871914, 1.9604905073448207e-07
1367, 0.36084011622871914, 1.7218730788783758e-07
1368, 0.36084011622871914, 2.1769314903872817e-07
1369, 0.1863391094147393, 2.239025963102937e-07
1370, 0.1863391094147393, 1.8637399308092166e-07
1371, 0.04988853303588714, 1.6603662219946128e-07
1372, 0.022666010136092485, 1.4291253560268208e-07
1373, 0.013971701990084018, 1.1677157708535164e-07
1374, 0.008079153056002486, 9.936499060458112e-08
1375, 0.008079153056002486, 9.916218815565144e-08
1376, 0.0014833640766380718, 8.579291419315369e-08
1377, 0.0014833640766380718, 7.30370667173496e-08
1378, 0.0014833640766380718, 1.1789562334818149e-07
1379, 0.0014833640766380718, 1.199630617349817e-07
1380, 0.0006797390415091975, 1.2885308622299857e-07
1381, 0.00014736973405549136, 1.0862830631620002e-07
1382, 0.00014736973405549136, 1.0640318344254458e-07
1383, 3.0425098778597004e-05, 7.956175450019425e-08
1384, 3.0425098778597004e-05, 7.820461897996924e-08
1385, 3.0425098778597004e-05, 5.6048075678503594e-08
1386, 2.6964584983080186e-05, 8.670564959791176e-08
1387, 2.6964584983080186e-05, 7.478660189559504e-08
1388, 1.6357746135398088e-07, 9.844640929714285e-08
1389, 1.6357746135398088e-07, 1.1213351679684801e-07
1390, 1.6357746135398088e-07, 1.0347184466082493e-07
1391, 1.6357746135398088e-07, 1.0722532073066759e-07
1392, 1.6357746135398088e-07, 9.13475046814839e-08
1393, 1.6357746135398088e-07, 7.966862755003374e-08
1394, 1.6357746135398088e-07, 1.1692922029516311e-07
1395, 1.244553726742481e-07, 8.625070852974782e-08
1396, 1.244553726742481e-07, 7.194944390597167e-08
1397, 1.244553726742481e-07, 5.669404520292056e-08
1398, 1.3123058195674275e-10, 8.176835814698453e-08
1399, 1.3123058195674275e-10, 6.548697217379238e-08
1400, 1.3123058195674275e-10, 9.538853889066724e-08
1401, 1.3123058195674275e-10, 7.674913637235596e-08
1402, 1.3123058195674275e-10, 6.786261621468557e-08
1403, 1.3123058195674275e-10, 9.156357325765303e-08
1404, 1.3123058195674275e-10, 1.1033860354645553e-07
1405, 1.3123058195674275e-10, 1.2445633587779156e-07
1406, 1.3123058195674275e-10, 1.2778732022220223e-07
1407, 4.894262772836555e-11, 1.0613502199091355e-07
1408, 1.5493828442458835e-11, 9.99922093582159e-08
1409, 1.5493828442458835e-11, 9.073623852805133e-08
1410, 1.5493828442458835e-11, 9.547894899233782e-08
1411, 1.5493828442458835e-11, 1.0470920331228111e-07
1412, 1.439603991570948e-11, 1.636347903163976e-07
1413, 8.061551426408187e-12, 1.2718329727666314e-07
1414, 8.061551426408187e-12, 1.4472952086420808e-07
1415, 5.369038547087257e-13, 1.1097420960062054e-07
1416, 5.369038547087257e-13, 1.0746362014218194e-07
1417, 4.0900616227190767e-13, 1.528031339169557e-07
1418, 8.215650382226158e-14, 9.767863336270867e-08
1419, 8.215650382226158e-14, 7.672717561701268e-08
1420, 7.505107646466058e-14, 8.074834889803712e-08
1421, 1.4654943925052066e-14, 9.114442653448608e-08
1422, 1.4654943925052066e-14, 1.2625266907659465e-07
1423, 1.4654943925052066e-14, 1.13623937772434e-07
1424, 3.9968028886505635e-15, 9.716411622902064e-08
1425, 4.440892098500626e-16, 1.1233848096003677e-07
1426, 4.440892098500626e-16, 9.500292698128454e-08
1427, 4.440892098500626e-16, 1.3401307773504237e-07
1428, 4.440892098500626e-16, 1.0675536527625751e-07
1429, 4.440892098500626e-16, 7.983430683487373e-08
1430, 4.440892098500626e-16, 6.998039722667099e-08
1431, 4.440892098500626e-16, 5.972298824185186e-08
1432, 4.440892098500626e-16, 9.503288904374106e-08
1433, 4.440892098500626e-16, 1.2302316154229683e-07
1434, 4.440892098500626e-16, 450359962.7370496
