iterations, fitness, congestion
1435, 4.6493288134881166, 1.303904018354302e-07
1436, 4.6493288134881166, 1.2665924023335633e-07
1437, 4.6493288134881166, 1.1600323706361693e-07
1438, 4.591704152589273, 1.0780062613087227e-07
1439, 1.0397398459628935, 7.296170460197366e-08
1440, 1.0397398459628935, 6.36502411263813e-08
1441, 1.0397398459628935, 8.395572772642091e-08
1442, 0.013734570764725645, 1.1838633009725555e-07
1443, 0.013734570764725645, 1.1506436045792527e-07
1444, 0.013734570764725645, 1.0216002293983027e-07
1445, 0.013734570764725645, 7.530645639631858e-08
1446, 0.011854160324373192, 6.542078558378046e-08
1447, 0.005913527259165965, 8.66395041929377e-08
1448, 0.005913527259165965, 8.91782369243558e-08
1449, 0.0016899442236829984, 7.343495017858256e-08
1450, 0.0008367157700524016, 1.0996886734461909e-07
1451, 0.0008367157700524016, 1.0710038901834649e-07
1452, 0.00013979758589264635, 5.296864161553851e-08
1453, 0.00013979758589264635, 1.0663509723204322e-07
1454, 7.960719792112475e-05, 7.935819672372648e-08
1455, 5.468320897922544e-05, 9.010479280470553e-08
1456, 4.785969764074667e-05, 1.0061232581000273e-07
1457, 1.1662642780721984e-05, 1.084529408148392e-07
1458, 1.1662642780721984e-05, 8.872246446528909e-08
1459, 4.4431996792006427e-07, 6.947950885167638e-08
1460, 2.668487063072666e-08, 1.1906469021725801e-07
1461, 2.668487063072666e-08, 1.0124887533091848e-07
1462, 2.668487063072666e-08, 1.0659953346188105e-07
1463, 2.668487063072666e-08, 9.680693854617092e-08
1464, 5.6786375631597985e-09, 8.269724175310924e-08
1465, 5.6786375631597985e-09, 5.5556648040421166e-08
1466, 5.6786375631597985e-09, 8.264090339990094e-08
1467, 2.731319353727016e-09, 7.625567639585923e-08
1468, 2.731319353727016e-09, 1.1932737582517857e-07
1469, 2.731319353727016e-09, 1.2737512109395393e-07
1470, 5.51967600644365e-11, 9.874113040542899e-08
1471, 3.184203538936715e-11, 7.969231352608864e-08
1472, 3.184203538936715e-11, 5.653114819212059e-08
1473, 3.184203538936715e-11, 9.602889951115094e-08
1474, 3.184203538936715e-11, 1.1029790734363387e-07
1475, 3.184203538936715e-11, 1.5583034930897404e-07
1476, 1.114358517981044e-11, 1.2219204309517073e-07
1477, 5.124764741099629e-12, 1.0983437206982093e-07
1478, 5.124764741099629e-12, 1.2121857913394744e-07
1479, 2.0107043688647178e-12, 9.947587101811903e-08
1480, 2.0107043688647178e-12, 9.519640484094328e-08
1481, 1.1961812242163933e-12, 1.1290572561520745e-07
1482, 4.1767394824968333e-13, 1.2184776828622932e-07
1483, 7.094962602452634e-14, 1.0536552731477232e-07
1484, 3.2848224613371133e-14, 1.033061526133579e-07
1485, 1.948618446831602e-14, 9.347602206977058e-08
1486, 1.948618446831602e-14, 7.781400227114506e-08
1487, 3.537067255439943e-15, 8.448713058701262e-08
1488, 3.537067255439943e-15, 1.1911098086423275e-07
1489, 3.537067255439943e-15, 1.4043629227390695e-07
1490, 2.8613207264578978e-15, 1.1796274255676685e-07
1491, 1.2238840762812603e-15, 1.4288722880157556e-07
1492, 5.197016623392078e-16, 1.3754789897384242e-07
1493, 5.197016623392078e-16, 1.35648017861567e-07
1494, 8.055379577800983e-17, 1.3476056640541298e-07
1495, 8.055379577800983e-17, 1.227224316280562e-07
1496, 1.234245398079133e-17, 1.0082123247222138e-07
1497, 1.234245398079133e-17, 1.392916862713527e-07
1498, 1.234245398079133e-17, 1.4891016967929054e-07
1499, 1.234245398079133e-17, 2.1533757519270938e-07
1500, 1.234245398079133e-17, 2.9665630643615066e-07
1501, 2.407962707164248e-18, 4.6419044198474255e-07
1502, 1.813719165408308e-18, 5.663166270586406e-07
1503, 1.813719165408308e-18, 5.840854143243654e-07
1504, 1.813719165408308e-18, 2.1455441030296517e-06
1505, 1.5391396014299204e-19, 2.970525938629951e-06
1506, 4.1732597621318505e-20, 1.06181552489576e-05
1507, 4.1732597621318505e-20, 1.2484538307162444e-05
1508, 5.002879930158133e-22, 2.2463895688191437e-05
1509, 5.002879930158133e-22, 6.485094206992823e-05
1510, 5.002879930158133e-22, 0.0002044561779611789
1511, 5.002879930158133e-22, 0.00034576562123100673
1512, 4.62760568864626e-23, 0.0008192897031103741
1513, 4.62760568864626e-23, 0.0008650320552001991
1514, 4.62760568864626e-23, 0.0024813900370532767
1515, 4.62760568864626e-23, 0.005531277985080724
1516, 4.62760568864626e-23, 0.010791769569870439
1517, 4.62760568864626e-23, 0.0462458576364194
1518, 2.5359584105642514e-23, 0.06645109139271141
1519, 5.495390943108291e-24, 0.159430374693651
1520, 4.913320489666975e-24, 0.22875930532646443
1521, 2.7305165845926442e-24, 0.6250115981687933
1522, 4.804926742198027e-25, 0.6688226503032754
1523, 5.78629382093094e-26, 3.7030721918393414
1524, 5.78629382093094e-26, 4.293543473988231
1525, 5.78629382093094e-26, 6.275421029970489
1526, 4.235164736271502e-26, 6.405904069556076
1527, 3.8381180422460484e-28, 55.43389083966683
1528, 3.8381180422460484e-28, 95.86452342985423
1529, 3.8381180422460484e-28, 118.16251489690013
1530, 3.8381180422460484e-28, 397.24500223531635
1531, 3.8381180422460484e-28, 1181.79782123005
1532, 1.7205356741102977e-28, 3343.3630832036993
1533, 6.617444900424221e-29, 8357.343722365806
1534, 5.293955920339377e-29, 17913.164609722087
