iterations, fitness, congestion
85, 31.652070640313106, 1.2261156869688567e-07
86, 4.409946631625632, 9.803528208279675e-08
87, 2.0806320083273344, 9.355320360100009e-08
88, 0.6269926600617651, 9.920299077076759e-08
89, 0.6269926600617651, 1.5287686378997073e-07
90, 0.23047734729751512, 1.2907428394899237e-07
91, 0.23047734729751512, 1.265254613708055e-07
92, 0.05699747800754043, 1.237328172970292e-07
93, 0.0005634290459447468, 7.978793233868715e-08
94, 0.0005634290459447468, 1.065112097549161e-07
95, 0.0005634290459447468, 8.544159768070453e-08
96, 0.0005634290459447468, 1.1280187917156523e-07
97, 0.0004907252908282623, 1.1159310243660553e-07
98, 0.0004907252908282623, 9.27495927332411e-08
99, 2.9449941736603747e-05, 5.8133878970012076e-08
100, 1.722564699096513e-05, 7.656487231502612e-08
101, 1.6543809100058254e-05, 9.645702155243577e-08
102, 1.6543809100058254e-05, 1.1893833289581098e-07
103, 1.6543809100058254e-05, 8.866403811170092e-08
104, 7.361110545668113e-06, 1.2134547715919525e-07
105, 2.8822452899171922e-06, 1.3615968125404334e-07
106, 2.8822452899171922e-06, 1.1472411095527732e-07
107, 2.3121105334846506e-08, 9.318398405413445e-08
108, 2.3121105334846506e-08, 8.453753045596252e-08
109, 2.3121105334846506e-08, 1.1958949051341867e-07
110, 2.3121105334846506e-08, 1.1002910510522295e-07
111, 2.3121105334846506e-08, 1.0041293247211327e-07
112, 1.3518816719529082e-08, 1.004107593752958e-07
113, 1.3518816719529082e-08, 1.295617082896318e-07
114, 1.0975301433993692e-10, 9.163142386014501e-08
115, 1.0975301433993692e-10, 1.01398848916946e-07
116, 1.0975301433993692e-10, 1.126944313169594e-07
117, 1.0975301433993692e-10, 8.496847732514733e-08
118, 9.983190189486558e-12, 1.1564168866646607e-07
119, 9.983190189486558e-12, 1.0900703111286546e-07
120, 9.983190189486558e-12, 1.2274474106297914e-07
121, 9.983190189486558e-12, 1.2414476930985467e-07
122, 9.983190189486558e-12, 1.4780492601260913e-07
123, 6.6704177160651966e-12, 1.3830335348893288e-07
124, 6.6704177160651966e-12, 1.442595835379286e-07
125, 9.281677067166827e-13, 1.3225953870015888e-07
126, 4.2381143017001176e-13, 1.0322302772853239e-07
127, 4.2381143017001176e-13, 1.1333064178031966e-07
128, 3.3860353208729203e-13, 1.2102268137934756e-07
129, 1.4886966140897122e-13, 9.911767577146204e-08
130, 1.0490827943321398e-13, 8.806597195728971e-08
131, 4.73568385707869e-15, 8.590481378046866e-08
132, 4.73568385707869e-15, 9.373381908734863e-08
133, 4.73568385707869e-15, 1.3567070973914424e-07
134, 2.5972424857126056e-15, 1.0419085060748243e-07
135, 1.8988714460977147e-15, 1.1609698157391671e-07
136, 1.8988714460977147e-15, 9.741598703811118e-08
137, 1.30923353688515e-15, 6.919486550399007e-08
138, 1.1415233733758701e-16, 1.0315756947764703e-07
139, 8.977693263793922e-17, 7.070836680925506e-08
140, 5.39420444429946e-17, 5.0978644538619266e-08
141, 4.821521976673535e-18, 1.584438384421434e-07
142, 4.821521976673535e-18, 1.498801581353191e-07
143, 3.1189215885569735e-19, 1.321198355101618e-07
144, 3.1189215885569735e-19, 4.95123881186287e-07
145, 2.713996759673721e-19, 1.1990770210741065e-06
146, 2.713996759673721e-19, 2.397268054979432e-06
147, 1.2944274702469625e-20, 3.4837784625548252e-06
148, 5.610324698137438e-21, 8.807061165791945e-06
149, 5.610324698137438e-21, 1.0251580559252591e-05
150, 5.610324698137438e-21, 1.3810499315689376e-05
151, 5.610324698137438e-21, 7.984706516644155e-05
152, 5.0005348400343214e-21, 9.641962504037761e-05
153, 4.2511276677325506e-21, 0.000208786017146687
154, 2.9784748919895e-22, 0.0007437605422256898
155, 2.9784748919895e-22, 0.0007353549384231366
156, 2.5951957920793793e-22, 0.0030726239062627194
157, 2.0649180946402148e-23, 0.0032804085025673027
158, 2.0649180946402148e-23, 0.009851490784366083
159, 2.0649180946402148e-23, 0.014505239258526979
160, 1.5487573924071256e-23, 0.033690755132627814
161, 1.5487573924071256e-23, 0.0770338516707391
162, 2.3958459261985892e-24, 0.19748284510795353
163, 2.3958459261985892e-24, 0.3223717712568003
164, 2.3007532429794932e-24, 0.7020522713482278
165, 3.6830051337801054e-25, 1.9457574939945275
166, 1.44961747988693e-25, 6.46071979649263
167, 1.7205356741102975e-26, 12.689818143066606
168, 1.7205356741102975e-26, 15.211653160735773
169, 1.9190590211230242e-27, 38.630703530078854
170, 5.293955920339378e-28, 104.29534172178403
171, 5.293955920339378e-28, 136.65093295203212
172, 5.293955920339378e-28, 550.6592223823743
173, 6.617444900424221e-29, 2290.123685871867
174, 1.3234889800848442e-29, 4981.386814302031
175, 1.3234889800848442e-29, 33528.18206397641
176, 0.0, 100828.67714631758
177, 0.0, 248542.2523165679
178, 0.0, 502654.1993675787
179, 0.0, 1094355.6867787223
180, 0.0, 1631357.8124345778
181, 0.0, 5523812.647775765
182, 0.0, 450359962.7370496
