iterations, fitness, congestion
81, 0.3385572125605063, 1.3125555528717193e-07
82, 0.3385572125605063, 1.0492799113006164e-07
83, 0.3385572125605063, 1.1910596263324919e-07
84, 0.3385572125605063, 1.0946149795162878e-07
85, 0.16348028795088904, 9.07310914621441e-08
86, 0.16348028795088904, 9.102357215237792e-08
87, 0.01652385570361579, 5.606680646735411e-08
88, 0.000667356920775887, 9.291090199460098e-08
89, 0.000667356920775887, 5.2318944881834264e-08
90, 0.000667356920775887, 4.456664281713276e-08
91, 0.000667356920775887, 1.2015503776942743e-07
92, 0.000667356920775887, 1.048844282280343e-07
93, 0.0006577248052026126, 1.051810324910935e-07
94, 4.799878013726199e-05, 6.805694472843566e-08
95, 4.799878013726199e-05, 6.63436009114144e-08
96, 4.799878013726199e-05, 8.713060126216547e-08
97, 4.799878013726199e-05, 9.685052190322082e-08
98, 4.1576698470685366e-05, 1.0154802217218329e-07
99, 6.031503774058025e-06, 7.996360129349129e-08
100, 3.4394356611755503e-06, 1.1632157785776703e-07
101, 3.4394356611755503e-06, 1.2004969330648896e-07
102, 3.4394356611755503e-06, 1.0902812774664774e-07
103, 3.4394356611755503e-06, 1.1662401359693145e-07
104, 1.791955626828924e-06, 9.112837010396678e-08
105, 5.02003449359481e-07, 9.451861150368467e-08
106, 1.8317590790676987e-07, 6.538144359384558e-08
107, 1.6302280695555952e-07, 1.0280333254816658e-07
108, 2.3071553239028727e-08, 8.581645772779469e-08
109, 2.256384737866406e-08, 8.559967291571775e-08
110, 2.256384737866406e-08, 8.34596781593061e-08
111, 1.1107888881716483e-08, 7.777551867027808e-08
112, 1.0765478416480176e-09, 8.580799855146611e-08
113, 1.0943803406027298e-10, 6.95614125557927e-08
114, 1.0943803406027298e-10, 1.1507643859998581e-07
115, 7.45781625237383e-11, 7.836223782539481e-08
116, 3.309674645385833e-11, 5.698584282018514e-08
117, 1.9359146027763254e-11, 1.0591385826698298e-07
118, 7.201357670603813e-12, 1.0384890013573719e-07
119, 3.09828894954116e-12, 9.8360773296392e-08
120, 1.5886188503772682e-12, 9.588489559411619e-08
121, 1.5886188503772682e-12, 9.582710282169175e-08
122, 4.819153320064196e-13, 9.278421517197136e-08
123, 3.111312147898096e-13, 1.1070970890211564e-07
124, 2.1592560591079503e-14, 1.0460960693965062e-07
125, 2.1592560591079503e-14, 1.1794921249689918e-07
126, 2.1592560591079503e-14, 9.353819866813076e-08
127, 6.66989820338388e-16, 6.281496688402529e-08
128, 6.66989820338388e-16, 7.294995005996642e-08
129, 8.913267183479392e-17, 9.251720972495325e-08
130, 8.913267183479392e-17, 9.996537862275996e-08
131, 8.913267183479392e-17, 1.0029220081880747e-07
132, 8.913267183479392e-17, 1.1235510489309589e-07
133, 8.913267183479392e-17, 7.840356755088905e-08
134, 3.0351764923052664e-17, 5.265180110741359e-08
135, 4.0329032457212e-18, 1.4047162757681558e-07
136, 4.0329032457212e-18, 2.0124942450668887e-07
137, 4.0329032457212e-18, 4.943333482421916e-07
138, 9.349154290180428e-19, 1.5354445070529317e-06
139, 2.978449749536996e-19, 3.113926331943334e-06
140, 1.3656423271084396e-19, 6.847908534322422e-06
141, 8.53540571818484e-20, 1.895969288909882e-05
142, 6.203698634206293e-20, 4.0750350308231846e-05
143, 6.203698634206293e-20, 6.719118366756473e-05
144, 3.2838833413827764e-22, 0.00011052556115582648
145, 3.2838833413827764e-22, 0.00025246238592081815
146, 3.2838833413827764e-22, 0.00036435933261551046
147, 3.2838833413827764e-22, 0.000411112624826981
148, 3.2838833413827764e-22, 0.0007789329372626072
149, 3.2838833413827764e-22, 0.0012101359863447997
150, 2.3122305394147893e-23, 0.002079448089807466
151, 1.9409455583866875e-23, 0.006665996885788349
152, 1.682367575413631e-23, 0.03584512089620981
153, 1.782077911684243e-25, 0.07730479488185156
154, 1.782077911684243e-25, 0.20496235575543154
155, 1.782077911684243e-25, 0.5468539579697158
156, 5.300573365239801e-26, 1.6039091264300185
157, 5.300573365239801e-26, 5.381404258912656
158, 5.300573365239801e-26, 15.001465155101904
159, 1.0587911840678755e-26, 34.88916541302775
160, 3.7190040340384124e-27, 72.67152446425261
161, 3.7190040340384124e-27, 79.87959528865515
162, 8.999725064576941e-28, 197.23406692070157
163, 8.999725064576941e-28, 248.19546176472707
164, 8.470329472543003e-28, 1186.2004505856007
165, 8.470329472543003e-28, 1700.6921363827596
166, 0.0, 2643.4104108908186
167, 0.0, 10397.214010976859
168, 0.0, 14834.00610075997
169, 0.0, 15855.979425343983
170, 0.0, 67084.0214146491
171, 0.0, 146809.00954332735
172, 0.0, 318075.0240511558
173, 0.0, 801542.3956278826
174, 0.0, 1632218.5195950896
175, 0.0, 1653293.6090907794
176, 0.0, 450359962.7370496
