iterations, fitness, congestion
1249, 1.3995700904261534, 1.1687422894013147e-07
1250, 1.3995700904261534, 1.057190131984984e-07
1251, 1.3995700904261534, 8.934369833400582e-08
1252, 1.3995700904261534, 8.588399250081202e-08
1253, 0.39807368593209946, 9.198997914541742e-08
1254, 0.0671155208205249, 8.302465548726294e-08
1255, 0.0671155208205249, 8.387471388450148e-08
1256, 0.06190368605159477, 9.499843307004081e-08
1257, 0.06190368605159477, 7.931928136658851e-08
1258, 0.006507111297572855, 9.847405213708682e-08
1259, 0.006507111297572855, 9.274435456641502e-08
1260, 0.006507111297572855, 8.952651714478968e-08
1261, 0.006507111297572855, 7.197626501450772e-08
1262, 0.000675025640357038, 5.77468067134383e-08
1263, 0.000675025640357038, 7.84954720533661e-08
1264, 0.000675025640357038, 1.2235050973107483e-07
1265, 0.000675025640357038, 1.1897640052675556e-07
1266, 0.000675025640357038, 1.1263989425276859e-07
1267, 0.00028824658528163775, 1.1108524232803202e-07
1268, 0.00028824658528163775, 1.1289903472632829e-07
1269, 7.265764757143448e-07, 1.328804876768684e-07
1270, 7.265764757143448e-07, 1.1618498746007714e-07
1271, 7.265764757143448e-07, 1.0236993146401203e-07
1272, 7.265764757143448e-07, 8.351525561535051e-08
1273, 7.265764757143448e-07, 6.640541044111067e-08
1274, 7.265764757143448e-07, 9.642253459091573e-08
1275, 7.265764757143448e-07, 1.0877982358840788e-07
1276, 7.265764757143448e-07, 9.597392681180387e-08
1277, 7.265764757143448e-07, 8.977392878948202e-08
1278, 4.22442595063049e-08, 9.887737316117374e-08
1279, 4.22442595063049e-08, 1.0643830315672888e-07
1280, 2.9313915528549584e-08, 9.000651397508981e-08
1281, 3.0508885495738923e-09, 5.738034743640408e-08
1282, 1.909417260939453e-10, 1.0706334771243524e-07
1283, 8.175012974219837e-11, 1.088637596795915e-07
1284, 8.175012974219837e-11, 8.573724099011998e-08
1285, 8.175012974219837e-11, 1.3216169499152765e-07
1286, 8.175012974219837e-11, 1.2099620030149123e-07
1287, 3.880480895072434e-11, 9.454101347051752e-08
1288, 4.438608245718627e-12, 9.267360755646678e-08
1289, 4.438608245718627e-12, 7.860563582080139e-08
1290, 3.443161705565339e-12, 7.413290861289082e-08
1291, 4.868482988920311e-13, 5.385174655524618e-08
1292, 4.868482988920311e-13, 9.542856945896917e-08
1293, 2.780569953010274e-13, 6.7655041115963e-08
1294, 2.780569953010274e-13, 4.1033415969407534e-08
1295, 1.9971261202102914e-13, 9.235603656320852e-08
1296, 6.364688300559624e-14, 9.702413390370209e-08
1297, 6.364688300559624e-14, 1.0896100053823507e-07
1298, 5.934486415768261e-15, 1.2165945568795217e-07
1299, 5.934486415768261e-15, 1.1259771539164512e-07
1300, 5.934486415768261e-15, 1.023356292033229e-07
1301, 1.4222861317876888e-15, 8.51262218211468e-08
1302, 1.4222861317876888e-15, 8.368659324965513e-08
1303, 1.0534428720617832e-16, 5.742806807770431e-08
1304, 1.0534428720617832e-16, 9.667758608947489e-08
1305, 1.0534428720617832e-16, 1.180875444486891e-07
1306, 5.224229510865825e-17, 1.09433350973395e-07
1307, 1.2724692131895838e-17, 1.876984276073997e-07
1308, 1.2724692131895838e-17, 2.1832203953880245e-07
1309, 7.52753874385849e-18, 2.651882251875832e-07
1310, 4.013512339470664e-18, 8.859537802958172e-07
1311, 1.4417628895010394e-19, 1.434928937799761e-06
1312, 1.4417628895010394e-19, 2.553130315446125e-06
1313, 1.4417628895010394e-19, 2.7177471487179195e-06
1314, 3.087761750998034e-20, 7.695226395528091e-06
1315, 3.087761750998034e-20, 1.3949940976250311e-05
1316, 3.087761750998034e-20, 1.8174042029910933e-05
1317, 3.087761750998034e-20, 4.9039863949592195e-05
1318, 4.4957146648853256e-21, 9.559974508634897e-05
1319, 4.4957146648853256e-21, 0.0001452426871290367
1320, 2.8190546621680905e-21, 0.00023145218923934475
1321, 2.8190546621680905e-21, 0.0003949524478497515
1322, 9.675509655115697e-22, 0.0005608361647754063
1323, 9.675509655115697e-22, 0.0011532600177359376
1324, 4.316219039529941e-22, 0.0013720859791809391
1325, 3.656012576031275e-22, 0.0016765124711730357
1326, 3.226880538661624e-22, 0.006152121247357765
1327, 1.219340588217314e-22, 0.0077766552789588165
1328, 5.591248602957876e-23, 0.010320472967054102
1329, 5.591248602957876e-23, 0.013160501765487491
1330, 3.3166051505774964e-23, 0.03785458477889277
1331, 1.1737441429221246e-23, 0.09180064906566951
1332, 1.9727926737144692e-24, 0.19287908237452756
1333, 1.1912724309743684e-24, 0.2803838584914715
1334, 8.099752558119248e-25, 1.0658604756465935
1335, 8.099752558119248e-25, 1.6248710536256028
1336, 3.007099311650775e-25, 2.744917736365017
1337, 9.118839072784579e-27, 12.761938286735715
1338, 9.118839072784579e-27, 13.317655691683234
1339, 9.118839072784579e-27, 67.0052485897896
1340, 9.118839072784579e-27, 129.40185400923488
1341, 9.118839072784579e-27, 186.04874644085533
1342, 3.8381180422460484e-28, 230.2973916591059
1343, 3.8381180422460484e-28, 617.6544877307457
1344, 1.3234889800848444e-28, 2446.885890119868
1345, 1.3234889800848444e-28, 3172.8410686218954
1346, 0.0, 3377.1282416945173
1347, 0.0, 60605.948514392265
1348, 0.0, 100814.31224396235
