iterations, fitness, congestion
863, 43.35567491519753, 1.403983388400126e-07
864, 14.342769760939877, 1.4915869648538564e-07
865, 14.342769760939877, 1.3581131176252043e-07
866, 5.207239871040604, 1.0249200260046253e-07
867, 3.9123372002187877, 9.402422790322986e-08
868, 1.3022693670204266, 1.0038810705856035e-07
869, 1.3022693670204266, 9.279006668867026e-08
870, 1.3022693670204266, 1.0047516207015497e-07
871, 1.1334834514678136, 8.739113230094506e-08
872, 1.1334834514678136, 7.858862360255945e-08
873, 0.2525798867903206, 1.376249879941991e-07
874, 0.19626884412147846, 1.0709489196259608e-07
875, 0.1917763016260838, 1.086726911235668e-07
876, 0.1917763016260838, 1.1512343924092174e-07
877, 0.15634355105326556, 1.3184308067295388e-07
878, 0.15634355105326556, 1.2141924126818623e-07
879, 0.15634355105326556, 1.020735436094702e-07
880, 0.15634355105326556, 1.0192221354875254e-07
881, 0.12726898789404467, 1.0194058030870768e-07
882, 0.03363695070698707, 1.2238422027667362e-07
883, 0.029794255330858374, 1.0335961050656583e-07
884, 0.01968185611328427, 9.594483770098468e-08
885, 0.01968185611328427, 9.753191369598564e-08
886, 0.01968185611328427, 9.878374054102783e-08
887, 0.0008597295861101451, 8.149026192550543e-08
888, 0.00022832972677918874, 9.647620989339586e-08
889, 0.00022832972677918874, 1.4535565742375178e-07
890, 6.147650486405763e-05, 1.3285790739119843e-07
891, 6.147650486405763e-05, 1.139457337806385e-07
892, 6.147650486405763e-05, 1.0379360957236259e-07
893, 6.147650486405763e-05, 8.567059179702644e-08
894, 6.147650486405763e-05, 8.100974511213632e-08
895, 6.147650486405763e-05, 9.387989445557163e-08
896, 6.147650486405763e-05, 7.703277806408397e-08
897, 3.880002607780146e-05, 7.517932229897438e-08
898, 3.2088430711987345e-05, 7.525282955466712e-08
899, 3.064545130476227e-05, 7.151250522998133e-08
900, 3.064545130476227e-05, 6.470783027022073e-08
901, 1.35833173082664e-06, 9.862729536327577e-08
902, 1.35833173082664e-06, 8.933920316292556e-08
903, 1.35833173082664e-06, 1.0242158333998558e-07
904, 9.755457491025436e-07, 8.452081270303697e-08
905, 9.755457491025436e-07, 8.444814901479334e-08
906, 9.755457491025436e-07, 7.21295008268181e-08
907, 9.755457491025436e-07, 9.18609266512231e-08
908, 9.755457491025436e-07, 1.136466946984963e-07
909, 7.837736743923255e-07, 9.364121200128365e-08
910, 2.2012488552871752e-07, 9.092226169130862e-08
911, 2.2012488552871752e-07, 8.803769322547437e-08
912, 2.2012488552871752e-07, 8.078005597825714e-08
913, 2.2012488552871752e-07, 8.114564465490221e-08
914, 1.347983643560758e-07, 9.468068662074001e-08
915, 1.347983643560758e-07, 9.011972618468425e-08
916, 8.881956769794071e-08, 8.017257521073622e-08
917, 2.284675090023963e-08, 9.673499342062331e-08
918, 1.5395154814144216e-08, 8.616226366110635e-08
919, 1.5395154814144216e-08, 1.0894994556734823e-07
920, 1.5395154814144216e-08, 1.0415548785978739e-07
921, 1.5395154814144216e-08, 9.288605754578647e-08
922, 1.5395154814144216e-08, 8.539395923844855e-08
923, 5.3924356340575465e-09, 7.548654785870708e-08
924, 3.790998879663814e-09, 7.925226001011695e-08
925, 1.50107716307897e-10, 7.40785996174784e-08
926, 1.50107716307897e-10, 6.100310153164025e-08
927, 1.50107716307897e-10, 5.300198576866008e-08
928, 1.50107716307897e-10, 1.21635312027934e-07
929, 1.50107716307897e-10, 1.0105399710707583e-07
930, 1.50107716307897e-10, 9.660780190281216e-08
931, 1.50107716307897e-10, 9.046666592831573e-08
932, 4.6145998280091195e-11, 8.780513287211677e-08
933, 4.6145998280091195e-11, 8.604644184946267e-08
934, 6.735316249995541e-12, 7.476917796514234e-08
935, 6.735316249995541e-12, 9.618547020861733e-08
936, 6.735316249995541e-12, 9.449536602940573e-08
937, 6.735316249995541e-12, 9.007939909289659e-08
938, 6.735316249995541e-12, 8.46249155632872e-08
939, 6.735316249995541e-12, 7.846970468203316e-08
940, 6.735316249995541e-12, 8.421845592246147e-08
941, 6.735316249995541e-12, 7.38806283649092e-08
942, 6.735316249995541e-12, 9.032587999713277e-08
943, 1.0742290300596235e-12, 1.0054050761810045e-07
944, 1.0742290300596235e-12, 1.0231990921703428e-07
945, 1.0742290300596235e-12, 9.28894257109707e-08
946, 3.3133348503249515e-13, 8.15274676343743e-08
947, 3.3133348503249515e-13, 1.0180617755964927e-07
948, 3.3133348503249515e-13, 9.484864195216419e-08
949, 3.3133348503249515e-13, 9.897391966033718e-08
950, 3.3133348503249515e-13, 8.917744651482634e-08
951, 2.189806599762572e-13, 9.180302492727222e-08
952, 2.189806599762572e-13, 9.356449863267397e-08
953, 2.189806599762572e-13, 9.617710615685407e-08
954, 1.9804520096949476e-13, 9.433444097174813e-08
955, 1.9804520096949476e-13, 8.824152292519345e-08
956, 1.0021825831898971e-13, 8.506779165551346e-08
957, 1.0021825831898971e-13, 7.584112016514884e-08
958, 7.516436522014281e-14, 5.392082532823858e-08
959, 1.643416320484938e-14, 8.21678891271518e-08
960, 1.643416320484938e-14, 1.1269615585064816e-07
961, 1.643416320484938e-14, 1.0496258037398933e-07
962, 6.356996889882195e-15, 8.547598055208779e-08
