iterations, fitness, congestion
2023, 0.2570300807098659, 1.2855971249400478e-07
2024, 0.2570300807098659, 1.2014108893587584e-07
2025, 0.2570300807098659, 9.34853667764914e-08
2026, 0.2570300807098659, 1.2228945962444461e-07
2027, 0.2570300807098659, 1.1697276848813895e-07
2028, 0.2570300807098659, 9.383071072596782e-08
2029, 0.2570300807098659, 7.131980565289485e-08
2030, 0.2570300807098659, 7.436729522047829e-08
2031, 0.2570300807098659, 1.083853306408674e-07
2032, 0.2570300807098659, 1.1015776890054037e-07
2033, 0.029417037747314464, 7.393353737282203e-08
2034, 0.02156544510715689, 8.999616378038382e-08
2035, 0.02156544510715689, 7.331266534527492e-08
2036, 0.02156544510715689, 8.497760649612715e-08
2037, 0.007903787564295555, 6.916709550406498e-08
2038, 0.0024996407847003963, 7.346201683274704e-08
2039, 0.0024996407847003963, 7.013383564310542e-08
2040, 0.0024996407847003963, 9.71560775786912e-08
2041, 0.0024996407847003963, 9.527864794612194e-08
2042, 0.000450703289642403, 1.1385390403874124e-07
2043, 0.000450703289642403, 1.0157087084696583e-07
2044, 0.00020837886529327744, 7.745007377207227e-08
2045, 8.04634715840006e-05, 8.559612968124354e-08
2046, 8.04634715840006e-05, 1.3093506431143005e-07
2047, 8.04634715840006e-05, 1.4203711500540022e-07
2048, 7.163451448389686e-05, 1.1184221257232209e-07
2049, 7.163451448389686e-05, 1.2098286826783517e-07
2050, 5.466685924748846e-06, 1.190356636199551e-07
2051, 5.466685924748846e-06, 1.2554198490456718e-07
2052, 5.466685924748846e-06, 1.2438417769399486e-07
2053, 5.466685924748846e-06, 1.1009571071978692e-07
2054, 5.466685924748846e-06, 1.2093456217318657e-07
2055, 6.17772714358913e-07, 1.1077969487082837e-07
2056, 6.17772714358913e-07, 1.2626860527655223e-07
2057, 6.17772714358913e-07, 1.0701178916218344e-07
2058, 4.6765388164208955e-07, 9.063689053827495e-08
2059, 4.6765388164208955e-07, 9.438722682592343e-08
2060, 3.883928048043407e-07, 8.044673085316627e-08
2061, 5.290413446960867e-09, 8.493905184208608e-08
2062, 5.290413446960867e-09, 6.975480798266032e-08
2063, 5.290413446960867e-09, 9.080088107746623e-08
2064, 5.290413446960867e-09, 7.097940667038982e-08
2065, 4.757091233516307e-09, 8.853690124545822e-08
2066, 3.7754518698532595e-09, 8.776964533642393e-08
2067, 3.7754518698532595e-09, 8.724295362381583e-08
2068, 3.7754518698532595e-09, 9.242875119473946e-08
2069, 3.7754518698532595e-09, 9.075538465157362e-08
2070, 2.307426567020838e-09, 1.0455340197493604e-07
2071, 1.1829597088305694e-09, 9.82710212149911e-08
2072, 2.458059153870867e-10, 8.02010217796997e-08
2073, 2.458059153870867e-10, 1.049475893142351e-07
2074, 2.458059153870867e-10, 9.491840960049166e-08
2075, 2.458059153870867e-10, 1.4901368169862165e-07
2076, 2.458059153870867e-10, 1.3326385682705205e-07
2077, 2.458059153870867e-10, 1.2661052730879086e-07
2078, 2.458059153870867e-10, 9.752104651134617e-08
2079, 4.554829269173911e-11, 8.686726301979783e-08
2080, 4.554829269173911e-11, 9.620435534687771e-08
2081, 1.1949036258075964e-12, 1.0512583012488518e-07
2082, 1.1949036258075964e-12, 1.1191637297033254e-07
2083, 1.1949036258075964e-12, 9.937582812212663e-08
2084, 1.1949036258075964e-12, 7.614756096213874e-08
2085, 9.175150754246255e-13, 8.282619542721949e-08
2086, 9.175150754246255e-13, 1.1652246267919129e-07
2087, 7.075645819388432e-13, 9.927302552595958e-08
2088, 7.075645819388432e-13, 1.1152445247604051e-07
2089, 7.075645819388432e-13, 1.0485452780098489e-07
2090, 3.068318221505485e-13, 1.0313131103084277e-07
2091, 3.068318221505485e-13, 9.993179697701566e-08
2092, 7.169011761813964e-14, 8.824464158819618e-08
2093, 4.300624413370295e-14, 8.300148859763826e-08
2094, 4.300624413370295e-14, 8.633927717033904e-08
2095, 4.300624413370295e-14, 9.072016060020566e-08
2096, 4.300624413370295e-14, 8.250034928203979e-08
2097, 3.235829811027023e-14, 1.0159288743070018e-07
2098, 2.912534814124669e-14, 9.174479642350864e-08
2099, 3.1396173153420158e-15, 1.140636888140777e-07
2100, 1.0778282889749939e-15, 1.128862611517708e-07
2101, 5.00757325300493e-16, 1.0181702606789917e-07
2102, 5.00757325300493e-16, 9.259188796201932e-08
2103, 5.00757325300493e-16, 8.188752756912104e-08
2104, 5.00757325300493e-16, 8.961971014549342e-08
2105, 5.00757325300493e-16, 8.364810263767279e-08
2106, 5.00757325300493e-16, 9.190262204503196e-08
2107, 5.00757325300493e-16, 1.2151219616015355e-07
2108, 4.877752831182763e-16, 1.0929201025564421e-07
2109, 4.877752831182763e-16, 1.0570045298877712e-07
2110, 8.867971014815663e-17, 1.1366630420182881e-07
2111, 8.867971014815663e-17, 1.473648973244932e-07
2112, 8.47389546137214e-17, 1.2827622102339218e-07
2113, 8.47389546137214e-17, 1.5745059965065945e-07
2114, 3.3821073312367217e-18, 1.240196617537703e-07
2115, 3.3821073312367217e-18, 1.0287976962839395e-07
2116, 2.4905788924847324e-18, 2.689047304603086e-07
2117, 1.3672788902390302e-18, 2.96054732537403e-07
2118, 1.3672788902390302e-18, 4.04461641496031e-07
2119, 1.3672788902390302e-18, 5.137677965197767e-07
2120, 1.3672788902390302e-18, 6.33012650549831e-07
2121, 9.79364215661651e-19, 6.347785461018902e-07
2122, 9.79364215661651e-19, 1.5155087329842125e-06
