iterations, fitness, congestion
1063, 41.63922614609228, 1.5949234185956022e-07
1064, 36.083725294512384, 1.4601458299018508e-07
1065, 6.320669019052351, 1.2024440849490047e-07
1066, 6.320669019052351, 1.3289653349934114e-07
1067, 6.320669019052351, 1.2455248849154906e-07
1068, 1.7030755664481285, 1.1879093211619031e-07
1069, 1.7030755664481285, 1.246399556756904e-07
1070, 1.7030755664481285, 1.0913780071111372e-07
1071, 1.7030755664481285, 1.2125487179648257e-07
1072, 1.7030755664481285, 1.0357664592491498e-07
1073, 0.7127568134517909, 9.032471486384832e-08
1074, 0.7127568134517909, 7.264757523793522e-08
1075, 0.7127568134517909, 9.280327212538137e-08
1076, 0.7127568134517909, 1.1895855360432736e-07
1077, 0.008384709626300613, 1.0518259845489486e-07
1078, 0.008384709626300613, 8.890955612616881e-08
1079, 0.008384709626300613, 1.0426355613396957e-07
1080, 0.008384709626300613, 1.0300950098856263e-07
1081, 0.008384709626300613, 9.446820552180997e-08
1082, 0.008384709626300613, 8.809729112816521e-08
1083, 0.008384709626300613, 8.037032765983842e-08
1084, 0.008384709626300613, 7.470549619578595e-08
1085, 0.003943512021151826, 1.2194712496551396e-07
1086, 0.003943512021151826, 1.1263320328799997e-07
1087, 0.003943512021151826, 1.5152639975872557e-07
1088, 0.002233993162724189, 1.707926851754984e-07
1089, 0.002233993162724189, 1.6475970202291458e-07
1090, 0.002233993162724189, 1.4005053043439137e-07
1091, 0.002233993162724189, 1.3294521105280613e-07
1092, 0.002233993162724189, 1.2432725406022218e-07
1093, 0.0012199078504563454, 1.0706823641118203e-07
1094, 0.0012199078504563454, 1.0353838110835055e-07
1095, 0.0003230291296239887, 9.152706445920708e-08
1096, 0.00021473986369472116, 9.048642922263593e-08
1097, 0.00021473986369472116, 9.799213989689191e-08
1098, 0.00021473986369472116, 9.15775240762598e-08
1099, 0.00021473986369472116, 8.370219410097547e-08
1100, 0.00021473986369472116, 8.102179321298234e-08
1101, 7.199415888290458e-05, 1.1949323552130301e-07
1102, 2.286061278404151e-06, 1.0550057483881942e-07
1103, 2.286061278404151e-06, 9.61403447779945e-08
1104, 2.286061278404151e-06, 8.705579991919043e-08
1105, 2.286061278404151e-06, 8.300166788658434e-08
1106, 9.141213978656277e-07, 8.083475775648307e-08
1107, 9.141213978656277e-07, 7.089924063048685e-08
1108, 9.141213978656277e-07, 1.1857758791794806e-07
1109, 9.141213978656277e-07, 1.0414750470880863e-07
1110, 9.141213978656277e-07, 8.727001888865227e-08
1111, 9.141213978656277e-07, 9.501140323371041e-08
1112, 9.141213978656277e-07, 8.457405125660134e-08
1113, 5.328831600675244e-07, 9.949948100378055e-08
1114, 5.328831600675244e-07, 1.0237306287323031e-07
1115, 5.0577284238781064e-08, 9.838563971468908e-08
1116, 5.0577284238781064e-08, 9.646603008090993e-08
1117, 5.0577284238781064e-08, 1.1667755898488663e-07
1118, 5.0577284238781064e-08, 1.1949710526056947e-07
1119, 5.0577284238781064e-08, 1.119936167588509e-07
1120, 5.0577284238781064e-08, 1.176514126134133e-07
1121, 5.0577284238781064e-08, 1.33845793847394e-07
1122, 4.7019377918765815e-08, 1.1662428168162051e-07
1123, 4.7019377918765815e-08, 1.1163675267524861e-07
1124, 4.7019377918765815e-08, 1.070706402007034e-07
1125, 3.4500864529337996e-08, 1.089647254651115e-07
1126, 3.4500864529337996e-08, 1.1995070325169703e-07
1127, 3.4500864529337996e-08, 1.2456002466625275e-07
1128, 7.31586128139668e-11, 1.3788781352933459e-07
1129, 7.31586128139668e-11, 1.0680173275416204e-07
1130, 7.31586128139668e-11, 1.1453247982903592e-07
1131, 7.31586128139668e-11, 1.171342194374222e-07
1132, 7.31586128139668e-11, 1.1460927420042481e-07
1133, 7.31586128139668e-11, 1.1555320299428329e-07
1134, 7.31586128139668e-11, 1.1642477244909154e-07
1135, 7.31586128139668e-11, 1.0207235317846469e-07
1136, 7.31586128139668e-11, 9.982725865011487e-08
1137, 7.31586128139668e-11, 1.0576899766058984e-07
1138, 7.31586128139668e-11, 9.986986020175123e-08
1139, 7.31586128139668e-11, 9.070546034117749e-08
1140, 7.31586128139668e-11, 8.944880461270047e-08
1141, 7.31586128139668e-11, 8.9064281639566e-08
1142, 7.31586128139668e-11, 8.439010248957087e-08
1143, 7.31586128139668e-11, 1.0574012495991654e-07
1144, 2.642260115373159e-11, 1.036269891964408e-07
1145, 2.642260115373159e-11, 1.0425773668963178e-07
1146, 4.155473821002987e-12, 8.369324893529895e-08
1147, 2.5217228489668376e-12, 6.938312475779543e-08
1148, 2.5217228489668376e-12, 6.306881313390392e-08
1149, 1.4013500271201775e-12, 7.06614642793429e-08
1150, 1.4013500271201775e-12, 1.1339762741082076e-07
1151, 1.4013500271201775e-12, 1.2223825826681897e-07
1152, 1.4013500271201775e-12, 1.1336995447813651e-07
1153, 1.4013500271201775e-12, 1.0150343511800213e-07
1154, 1.4013500271201775e-12, 9.047518966827755e-08
1155, 3.037819203965432e-14, 1.1955454322946456e-07
1156, 3.037819203965432e-14, 1.1891034669222417e-07
1157, 3.037819203965432e-14, 1.0862889858022097e-07
1158, 3.037819203965432e-14, 1.2070444048899715e-07
1159, 3.037819203965432e-14, 1.2579279570446498e-07
1160, 3.037819203965432e-14, 1.1112321131573637e-07
1161, 3.037819203965432e-14, 1.0301880730221216e-07
1162, 3.037819203965432e-14, 8.347045777507412e-08
