iterations, fitness, congestion
264, 12.692974579543172, 1.2891236270756503e-07
265, 5.640269764512669, 1.0248291339484979e-07
266, 2.9985833408991036, 9.649212148190176e-08
267, 1.4356554116802343, 7.158832834920217e-08
268, 1.4356554116802343, 1.0254276700343467e-07
269, 1.0798576020746833, 1.566382792009079e-07
270, 0.9114367495406227, 1.3336075089812493e-07
271, 0.0076895457252529695, 1.0034402045342445e-07
272, 0.0076895457252529695, 1.014514088280829e-07
273, 0.003824606216689146, 6.800775997265924e-08
274, 0.003824606216689146, 6.653749455750843e-08
275, 0.003824606216689146, 7.280989141689838e-08
276, 0.003824606216689146, 7.356404542385772e-08
277, 0.0006008902471672099, 7.36358038320927e-08
278, 1.3387846814042755e-06, 8.53485464747868e-08
279, 1.3387846814042755e-06, 1.0737415103993923e-07
280, 1.3387846814042755e-06, 9.381209974851426e-08
281, 1.3387846814042755e-06, 1.0813397023392463e-07
282, 1.3387846814042755e-06, 1.1383508412504296e-07
283, 1.2341775505570686e-06, 8.780142877053574e-08
284, 1.2341775505570686e-06, 1.0601339034565082e-07
285, 1.2341775505570686e-06, 8.741575842532746e-08
286, 7.005619123385209e-08, 4.470825264692378e-08
287, 7.005619123385209e-08, 6.057468287375649e-08
288, 7.005619123385209e-08, 9.598053449660469e-08
289, 2.461941143166669e-08, 8.023202458938791e-08
290, 2.6163362178498823e-09, 7.696666310938483e-08
291, 2.6163362178498823e-09, 1.0063439059405165e-07
292, 2.6163362178498823e-09, 8.008142706709844e-08
293, 2.6163362178498823e-09, 9.277222129944153e-08
294, 2.6163362178498823e-09, 8.224062048031231e-08
295, 5.077083108246112e-10, 5.8710320342419035e-08
296, 4.5979052060484306e-10, 9.491657710680554e-08
297, 1.9306565936893188e-10, 8.054079258945431e-08
298, 1.9306565936893188e-10, 1.1865364381268667e-07
299, 2.8241884474522233e-11, 1.0700452214278646e-07
300, 2.8241884474522233e-11, 1.2097912753332701e-07
301, 6.549016528507413e-12, 1.0337140715761598e-07
302, 3.86396278301776e-12, 1.1131510313087786e-07
303, 7.564021324925826e-13, 7.448668020140166e-08
304, 3.765660220160755e-13, 8.593591753942269e-08
305, 4.1552871226130693e-14, 5.4461156902749005e-08
306, 4.1552871226130693e-14, 6.76143249268776e-08
307, 4.1552871226130693e-14, 7.419508728193597e-08
308, 2.569871061062124e-14, 1.0478338864557358e-07
309, 2.569871061062124e-14, 8.079439184307831e-08
310, 1.6449065248817212e-14, 1.2435843010986166e-07
311, 1.2871540732739323e-14, 1.1793682589081505e-07
312, 1.120908067007206e-14, 1.1219516695601119e-07
313, 4.453174697168787e-15, 9.301260279929177e-08
314, 2.508343527627793e-16, 6.180296605284847e-08
315, 2.508343527627793e-16, 6.548623730039266e-08
316, 2.508343527627793e-16, 1.1410361253719631e-07
317, 1.264835491241961e-16, 8.148415716914777e-08
318, 2.7451228587152607e-17, 6.185535936174622e-08
319, 2.7451228587152607e-17, 1.0012887960885757e-07
320, 2.338099414076072e-17, 1.4311290295771838e-07
321, 2.338099414076072e-17, 1.6538853586604125e-07
322, 2.338099414076072e-17, 1.531581538025543e-07
323, 5.537223809737049e-18, 1.3586053503451028e-07
324, 3.585573475379801e-18, 3.3366635973080083e-07
325, 9.214275870682383e-19, 5.240790093575597e-07
326, 2.794978328345327e-19, 6.678035896524975e-07
327, 2.794978328345327e-19, 4.495335160987246e-06
328, 4.2722691905500104e-20, 6.637548897342855e-06
329, 2.736429628953198e-20, 1.4250231260427465e-05
330, 3.562084933691567e-21, 1.4259504928812144e-05
331, 3.562084933691567e-21, 1.490939386588573e-05
332, 3.3767506837609787e-21, 0.00019594298800867883
333, 1.9815059428241966e-21, 0.00021516047712226668
334, 4.403378729802407e-22, 0.0009243434457004775
335, 4.152719446094994e-22, 0.0015664199117051537
336, 8.674787344142431e-23, 0.0021207399804655845
337, 4.656470983301911e-24, 0.011759956271454453
338, 4.656470983301911e-24, 0.021943607418229132
339, 4.656470983301911e-24, 0.1266196620686769
340, 3.0347602313345476e-24, 0.19320945992637212
341, 4.6401523641774646e-26, 0.23755366755138163
342, 4.6401523641774646e-26, 0.7450388399803228
343, 4.6401523641774646e-26, 1.9001616958921088
344, 4.6401523641774646e-26, 5.171535534346708
345, 4.6401523641774646e-26, 8.593877265382202
346, 4.6401523641774646e-26, 16.7898211071229
347, 2.6072732907671435e-27, 30.004870625523754
348, 2.6072732907671435e-27, 182.41329677597045
349, 2.6072732907671435e-27, 256.2088999086557
350, 6.485096002415738e-28, 1190.6330677580531
351, 6.485096002415738e-28, 1583.707644805127
352, 1.0587911840678754e-28, 1722.9328777674484
353, 5.293955920339377e-29, 6544.4025640551445
354, 5.293955920339377e-29, 19168.638986505586
355, 0.0, 25081.55196669643
356, 0.0, 45427.73560495682
357, 0.0, 92641.31933987193
358, 0.0, 219975.3281486639
359, 0.0, 288981.301402092
360, 0.0, 550956.6149659932
361, 0.0, 6626880.979619104
362, 0.0, 450359962.7370496
