iterations, fitness, congestion
663, 16.81791903111626, 1.1807742290969347e-07
664, 11.693971218316372, 1.200321705366535e-07
665, 11.693971218316372, 1.310190318988106e-07
666, 3.216042000879672, 1.1768748384833249e-07
667, 1.178580422031279, 1.0125201120045953e-07
668, 0.08293207861847725, 1.1758642997001156e-07
669, 0.08293207861847725, 1.3784428560874471e-07
670, 0.027611450927828483, 1.2164202804388967e-07
671, 0.027611450927828483, 1.1929877332420926e-07
672, 0.027611450927828483, 1.1809854062389043e-07
673, 0.027611450927828483, 1.0158367897301003e-07
674, 0.0031347708334767592, 8.724668437291415e-08
675, 0.0031347708334767592, 1.0648968662675066e-07
676, 0.0031347708334767592, 9.398791450335337e-08
677, 0.0031347708334767592, 1.0937849095827132e-07
678, 0.0030224845623598637, 9.904606704204072e-08
679, 0.0030224845623598637, 9.691193772811786e-08
680, 0.0030224845623598637, 8.841256860005825e-08
681, 0.0030224845623598637, 7.861733941385251e-08
682, 0.0030224845623598637, 6.767702539485455e-08
683, 0.00017792950705880603, 5.7851097425950106e-08
684, 0.00017792950705880603, 4.110450337564398e-08
685, 5.072034034413568e-05, 9.058872855181258e-08
686, 5.072034034413568e-05, 1.162766333931386e-07
687, 5.072034034413568e-05, 1.1402954095410401e-07
688, 5.072034034413568e-05, 9.393184877889228e-08
689, 5.072034034413568e-05, 9.667792067645612e-08
690, 1.969119583320943e-06, 9.221014602470029e-08
691, 1.969119583320943e-06, 1.1427125974490332e-07
692, 1.969119583320943e-06, 9.229668272692708e-08
693, 1.969119583320943e-06, 8.1904695211349e-08
694, 1.3510792292202491e-06, 7.124436393371714e-08
695, 7.883535191176549e-07, 7.6323704523816e-08
696, 4.7337890210328255e-07, 1.18900354481848e-07
697, 4.7337890210328255e-07, 1.2352585329505142e-07
698, 4.7337890210328255e-07, 1.1635265397729247e-07
699, 4.7337890210328255e-07, 9.165817251504774e-08
700, 1.9840971705265874e-07, 1.069216743622394e-07
701, 1.9840971705265874e-07, 9.447826554181553e-08
702, 1.9840971705265874e-07, 9.919017268848269e-08
703, 1.9840971705265874e-07, 1.0345521950856913e-07
704, 4.4010934534208625e-09, 7.833948460036331e-08
705, 4.4010934534208625e-09, 9.888188809281912e-08
706, 4.4010934534208625e-09, 1.263929247267255e-07
707, 2.683391336597281e-09, 1.1165246983204254e-07
708, 2.683391336597281e-09, 1.1665681371212313e-07
709, 2.683391336597281e-09, 1.0133825386455842e-07
710, 2.683391336597281e-09, 1.1146166112365437e-07
711, 2.683391336597281e-09, 1.1394153220968974e-07
712, 1.6796413612923883e-09, 1.0250893338160897e-07
713, 1.6796413612923883e-09, 9.37333108426317e-08
714, 1.6796413612923883e-09, 8.202855377157514e-08
715, 2.901517285413116e-10, 6.704599385902184e-08
716, 2.901517285413116e-10, 1.0322285829635876e-07
717, 2.901517285413116e-10, 9.151404969623318e-08
718, 7.049952708938927e-11, 1.010549241512161e-07
719, 7.049952708938927e-11, 9.986774506598205e-08
720, 7.049952708938927e-11, 9.385092414693973e-08
721, 3.895538024654072e-11, 8.28448626049291e-08
722, 3.895538024654072e-11, 7.328043219673273e-08
723, 3.895538024654072e-11, 8.739720653651471e-08
724, 8.691956095163778e-12, 9.582826781392576e-08
725, 8.04759050398021e-12, 9.532610206066563e-08
726, 6.297052193112095e-12, 1.2024934757814194e-07
727, 6.297052193112095e-12, 1.2838328801373168e-07
728, 6.258343769181671e-12, 1.0645846101740104e-07
729, 6.258343769181671e-12, 9.851828884574695e-08
730, 1.7556752954815794e-12, 8.487436710138897e-08
731, 1.7556752954815794e-12, 9.527264246840572e-08
732, 1.7556752954815794e-12, 9.212849233111496e-08
733, 1.7197664813889496e-12, 1.214296925637404e-07
734, 7.461233700036869e-13, 1.1391650103603783e-07
735, 1.0029489199174829e-13, 1.1670760942788675e-07
736, 1.0029489199174829e-13, 8.689278298572292e-08
737, 5.71154178110175e-15, 6.864673354019447e-08
738, 5.71154178110175e-15, 9.600369548380955e-08
739, 5.71154178110175e-15, 9.516406410684096e-08
740, 5.6652390039282456e-15, 1.336208624900691e-07
741, 5.6652390039282456e-15, 9.485897247098965e-08
742, 3.1996535185969413e-16, 9.848805332415217e-08
743, 3.1996535185969413e-16, 1.2731344751881086e-07
744, 3.1996535185969413e-16, 1.059012710344576e-07
745, 3.1996535185969413e-16, 9.946025387164898e-08
746, 3.1996535185969413e-16, 8.624190774947861e-08
747, 3.0277578517082623e-16, 1.0883890848220752e-07
748, 3.0277578517082623e-16, 1.0252317041304674e-07
749, 8.199539967341806e-17, 1.1300712631160785e-07
750, 4.594085878726974e-17, 9.912894743036953e-08
751, 4.594085878726974e-17, 8.907793746828497e-08
752, 2.7315516173972198e-17, 7.698409873748796e-08
753, 4.673295966186704e-18, 1.3770479304962273e-07
754, 4.673295966186704e-18, 1.4959016655716909e-07
755, 7.363115797160764e-21, 1.651105443537889e-07
756, 7.363115797160764e-21, 3.7287681277474564e-07
757, 7.363115797160764e-21, 4.081756907312461e-07
758, 7.363115797160764e-21, 5.790280783914071e-07
759, 7.363115797160764e-21, 7.08305972384768e-07
760, 7.363115797160764e-21, 7.437274668048218e-07
761, 7.363115797160764e-21, 1.1591908687397649e-06
762, 7.363115797160764e-21, 1.6869109576657397e-06
