iterations, fitness, congestion
2223, 44.370782914467576, 1.5537373945647278e-07
2224, 11.240967636544179, 1.2470570998004564e-07
2225, 7.2602713620591635, 1.0347881221590985e-07
2226, 7.2602713620591635, 1.1885434290652433e-07
2227, 7.2602713620591635, 1.343037718602755e-07
2228, 0.37323980713146754, 1.1084790788582552e-07
2229, 0.37323980713146754, 1.511883727513662e-07
2230, 0.09730811032763641, 1.213391433918447e-07
2231, 0.09730811032763641, 1.241097138869357e-07
2232, 0.09730811032763641, 1.1407462858443485e-07
2233, 0.09730811032763641, 1.5053949011066957e-07
2234, 0.09730811032763641, 1.2146185470265992e-07
2235, 0.056203927987447916, 9.057983208337686e-08
2236, 0.056203927987447916, 9.645669585715522e-08
2237, 0.056203927987447916, 9.7204532880116e-08
2238, 0.056203927987447916, 9.153727384734068e-08
2239, 0.02508512376804794, 7.835125498043691e-08
2240, 0.02508512376804794, 7.801697107072692e-08
2241, 0.02508512376804794, 1.0410442991454327e-07
2242, 0.007360083968188505, 9.202108687266134e-08
2243, 0.0023540831126017806, 1.025768822121447e-07
2244, 0.0023540831126017806, 9.082950003275659e-08
2245, 0.001413755766910634, 8.316393826774978e-08
2246, 0.001413755766910634, 1.2866682572182946e-07
2247, 0.0003503745422818826, 1.2117374072653254e-07
2248, 0.0003503745422818826, 1.3225218251695875e-07
2249, 0.0003503745422818826, 1.3005498441160725e-07
2250, 0.0003503745422818826, 1.0754263593485588e-07
2251, 0.00010948095074764954, 1.1577299779198932e-07
2252, 0.00010948095074764954, 1.080972877347566e-07
2253, 1.2209145479942774e-05, 9.37626634281006e-08
2254, 1.2209145479942774e-05, 8.3548437216646e-08
2255, 1.2209145479942774e-05, 8.803977512971292e-08
2256, 1.2209145479942774e-05, 1.3016936756951469e-07
2257, 1.2209145479942774e-05, 1.240120911074427e-07
2258, 1.2209145479942774e-05, 1.0388322239929501e-07
2259, 1.0871806421370839e-05, 9.401377018655352e-08
2260, 1.0871806421370839e-05, 1.1701196117484037e-07
2261, 1.0240340645668969e-06, 1.0577164001174372e-07
2262, 1.0240340645668969e-06, 1.1427452772907079e-07
2263, 1.0240340645668969e-06, 1.1283083627864832e-07
2264, 3.17639662349572e-08, 1.3011807476934476e-07
2265, 3.17639662349572e-08, 1.3368580467942588e-07
2266, 3.17639662349572e-08, 9.659549663347561e-08
2267, 3.17639662349572e-08, 1.074281602867907e-07
2268, 3.17639662349572e-08, 8.865112273412619e-08
2269, 3.17639662349572e-08, 1.0401144982062916e-07
2270, 3.17639662349572e-08, 1.1078708106517772e-07
2271, 3.17639662349572e-08, 1.159341421955695e-07
2272, 3.17639662349572e-08, 1.2427258507404266e-07
2273, 3.17639662349572e-08, 1.1385032760870833e-07
2274, 3.17639662349572e-08, 1.0409609372538614e-07
2275, 2.909615705281586e-08, 1.212040754459129e-07
2276, 1.6470902209882437e-08, 1.0888417506011033e-07
2277, 1.6470902209882437e-08, 1.0555461218478074e-07
2278, 1.6470902209882437e-08, 1.2198179800673536e-07
2279, 1.6470902209882437e-08, 1.2445171214407104e-07
2280, 2.48035708679649e-09, 1.0316925918882437e-07
2281, 1.6882921672366252e-09, 8.150397894052265e-08
2282, 2.0708972673441827e-10, 6.625780537008385e-08
2283, 2.0708972673441827e-10, 8.933323687548746e-08
2284, 2.0708972673441827e-10, 7.264055651141602e-08
2285, 2.0708972673441827e-10, 1.0478806250794693e-07
2286, 2.0708972673441827e-10, 9.662693716174047e-08
2287, 2.0708972673441827e-10, 1.0582093788405946e-07
2288, 1.7470506571639444e-11, 1.2437543754104767e-07
2289, 1.7470506571639444e-11, 1.1593442785748439e-07
2290, 1.7470506571639444e-11, 1.2648340241226966e-07
2291, 2.2162154203221807e-13, 1.0249279249237504e-07
2292, 2.2162154203221807e-13, 9.567730920090097e-08
2293, 2.2162154203221807e-13, 9.809568115320376e-08
2294, 2.2162154203221807e-13, 1.107692061688013e-07
2295, 2.2162154203221807e-13, 9.604857935714572e-08
2296, 2.2162154203221807e-13, 8.295953498761204e-08
2297, 2.2162154203221807e-13, 7.779827761361937e-08
2298, 2.2162154203221807e-13, 9.067811333545066e-08
2299, 2.2162154203221807e-13, 9.251742671266665e-08
2300, 2.2162154203221807e-13, 9.326648066715141e-08
2301, 2.2162154203221807e-13, 7.775667456505004e-08
2302, 2.0674063216950101e-13, 1.0429892043763294e-07
2303, 2.0674063216950101e-13, 1.1033462270021631e-07
2304, 2.0674063216950101e-13, 1.1657272904398085e-07
2305, 2.561826021920862e-14, 1.2697733511871102e-07
2306, 2.561826021920862e-14, 8.784365137078267e-08
2307, 2.561826021920862e-14, 8.96175403172964e-08
2308, 2.561826021920862e-14, 9.400096233559131e-08
2309, 1.3173341528040472e-15, 8.195176239782945e-08
2310, 8.95237968990189e-16, 8.590806396696529e-08
2311, 8.95237968990189e-16, 1.1555896318397972e-07
2312, 8.95237968990189e-16, 8.021852568253573e-08
2313, 3.7977604750588476e-16, 1.1310400484272584e-07
2314, 3.7977604750588476e-16, 9.903044815159975e-08
2315, 3.7977604750588476e-16, 9.606244886986005e-08
2316, 3.6141600786815457e-16, 8.491188666966272e-08
2317, 3.6141600786815457e-16, 1.0683488615999313e-07
2318, 2.139256373474236e-16, 9.551988058744801e-08
2319, 1.4688457571145686e-16, 9.220795185954882e-08
2320, 1.880188090003876e-17, 1.0783268029392996e-07
2321, 1.880188090003876e-17, 1.1614300368523038e-07
2322, 3.6773628051199604e-18, 1.0600609632002269e-07
