iterations, fitness, congestion
463, 2.5141020789700583, 1.1943706243530527e-07
464, 2.5141020789700583, 1.1472511624656512e-07
465, 2.5141020789700583, 8.870249761110767e-08
466, 2.5141020789700583, 1.0227667605124606e-07
467, 2.5141020789700583, 9.704571256834792e-08
468, 1.2362540882755777, 1.0014067951909916e-07
469, 1.2362540882755777, 1.1331750708477305e-07
470, 0.08168303994122567, 9.501589005343583e-08
471, 0.08168303994122567, 1.2869973886460444e-07
472, 0.08168303994122567, 1.1828545505094019e-07
473, 0.08168303994122567, 9.250222255720575e-08
474, 0.08168303994122567, 9.040083311384947e-08
475, 0.08168303994122567, 8.931566418040062e-08
476, 0.08168303994122567, 7.718451764393478e-08
477, 0.009149835695058214, 1.1368025068922039e-07
478, 0.004689251178933618, 1.1671701299424864e-07
479, 0.004689251178933618, 1.0601985638571386e-07
480, 0.004689251178933618, 1.3373647055966771e-07
481, 0.000934686417586897, 1.311202765899437e-07
482, 0.000934686417586897, 1.1324910454248666e-07
483, 3.471752693243553e-05, 1.0904713047625982e-07
484, 3.471752693243553e-05, 1.069582690555256e-07
485, 3.471752693243553e-05, 8.963254947245021e-08
486, 3.471752693243553e-05, 1.3137093722078975e-07
487, 3.471752693243553e-05, 1.2158959850533328e-07
488, 3.471752693243553e-05, 1.0348589696655606e-07
489, 3.471752693243553e-05, 9.283524076838584e-08
490, 3.471752693243553e-05, 9.496370632582351e-08
491, 3.471752693243553e-05, 8.520626288974425e-08
492, 5.513307645381486e-06, 1.2139594443582894e-07
493, 5.513307645381486e-06, 9.910031328626734e-08
494, 1.996407622429175e-06, 9.305932011823216e-08
495, 1.996407622429175e-06, 8.688523080453118e-08
496, 1.5636841620716347e-06, 1.4662179322527928e-07
497, 1.5636841620716347e-06, 1.2635973744758018e-07
498, 8.888496311460815e-07, 1.1516108249648618e-07
499, 1.9045964364388683e-08, 9.916057239899904e-08
500, 1.9045964364388683e-08, 9.229022868156119e-08
501, 1.075430629386793e-08, 7.195998677948977e-08
502, 1.075430629386793e-08, 1.0200620581649711e-07
503, 1.075430629386793e-08, 8.692067302419086e-08
504, 1.075430629386793e-08, 1.020037381312279e-07
505, 1.075430629386793e-08, 1.1025107550627336e-07
506, 1.075430629386793e-08, 1.0437225612769329e-07
507, 8.461571034955942e-09, 8.816503799772061e-08
508, 8.461571034955942e-09, 6.907695837120237e-08
509, 5.432069718647319e-09, 1.1933081708125878e-07
510, 3.783279554944921e-09, 1.0157522891495348e-07
511, 3.783279554944921e-09, 9.524553662489349e-08
512, 3.783279554944921e-09, 1.0126025991978071e-07
513, 2.205174151652031e-09, 1.2447704270218894e-07
514, 2.205174151652031e-09, 1.1002602845261995e-07
515, 1.1977937038017912e-10, 1.1128799226420151e-07
516, 2.2620803773575037e-11, 1.2113792415738073e-07
517, 2.2620803773575037e-11, 1.158884956086357e-07
518, 2.2620803773575037e-11, 1.0459943867966887e-07
519, 2.2620803773575037e-11, 8.338938285663558e-08
520, 2.2620803773575037e-11, 7.212574283055978e-08
521, 2.2620803773575037e-11, 1.1495453402551612e-07
522, 1.797976352011967e-11, 1.0882289229997366e-07
523, 1.0690785945920045e-11, 1.0552249262785644e-07
524, 4.2773119400144845e-12, 9.468309398225302e-08
525, 1.3366095085489975e-12, 1.1221023263575415e-07
526, 1.3366095085489975e-12, 1.0688817166318467e-07
527, 1.3366095085489975e-12, 9.108971147138544e-08
528, 1.3366095085489975e-12, 7.554076224677992e-08
529, 2.8916005278315623e-13, 1.0338924845674558e-07
530, 2.8916005278315623e-13, 1.0503402158756268e-07
531, 2.8916005278315623e-13, 1.1107092477121192e-07
532, 2.8916005278315623e-13, 1.1657100793836927e-07
533, 6.541863218070959e-14, 1.1979333776401308e-07
534, 6.541863218070959e-14, 1.0486440102635255e-07
535, 6.541863218070959e-14, 9.198768881331903e-08
536, 6.541863218070959e-14, 8.764849065719163e-08
537, 6.541863218070959e-14, 9.806575142687206e-08
538, 3.1727645490393074e-14, 1.0942710225949045e-07
539, 4.860784512890352e-15, 1.2375396899099022e-07
540, 4.860784512890352e-15, 1.1542623147785101e-07
541, 4.860784512890352e-15, 1.2446224015698344e-07
542, 4.860784512890352e-15, 1.2870753529669309e-07
543, 4.860784512890352e-15, 1.0861366411991817e-07
544, 3.459649197868805e-16, 1.2004140845463803e-07
545, 1.3789272246222339e-16, 8.221136053627203e-08
546, 1.3789272246222339e-16, 9.331038625063832e-08
547, 1.3789272246222339e-16, 9.918540319230365e-08
548, 1.3789272246222339e-16, 1.0677832104083252e-07
549, 1.1069909265170645e-16, 1.426098176625847e-07
550, 3.4990672172924875e-18, 1.2557759884478356e-07
551, 3.4990672172924875e-18, 1.406665094411858e-07
552, 3.4990672172924875e-18, 1.749866556071932e-07
553, 3.4990672172924875e-18, 1.5785209054247895e-07
554, 5.480949336421815e-19, 3.2273748756197934e-07
555, 5.480949336421815e-19, 2.9153303236823297e-07
556, 5.480949336421815e-19, 4.7633891281029275e-07
557, 5.480949336421815e-19, 5.224131334160758e-07
558, 5.480949336421815e-19, 1.1188385695646049e-06
559, 5.480949336421815e-19, 1.2677248117084787e-06
560, 9.961387086462284e-20, 2.304337057684757e-06
561, 9.961387086462284e-20, 3.3378250623975965e-06
562, 2.1613923627116653e-20, 3.708071778324086e-06
