iterations, fitness, congestion
1631, 4.441709265933198, 1.3267848455833913e-07
1632, 0.7324956807694987, 1.2027101371324073e-07
1633, 0.7324956807694987, 1.086461490335804e-07
1634, 0.7324956807694987, 9.215071569209575e-08
1635, 0.7324956807694987, 1.0236105677668503e-07
1636, 0.7324956807694987, 1.0583869041383356e-07
1637, 0.054906149868493875, 1.1670716321850882e-07
1638, 0.00033503991295435266, 8.727280158579869e-08
1639, 0.00033503991295435266, 6.565791845156962e-08
1640, 0.00033503991295435266, 6.391136112590137e-08
1641, 0.00033503991295435266, 5.7222856027991695e-08
1642, 0.00033503991295435266, 9.97793439837063e-08
1643, 0.00033503991295435266, 9.327111117425628e-08
1644, 0.00033503991295435266, 9.336341737913256e-08
1645, 4.500711961312763e-05, 9.51415208144167e-08
1646, 4.500711961312763e-05, 8.841815389051474e-08
1647, 4.500711961312763e-05, 7.617897012319462e-08
1648, 1.1567627225181766e-06, 8.752033502284771e-08
1649, 1.1567627225181766e-06, 1.0245327347594839e-07
1650, 1.1567627225181766e-06, 7.556701025748719e-08
1651, 1.1567627225181766e-06, 8.461459582729421e-08
1652, 1.1567627225181766e-06, 1.0587745619415335e-07
1653, 1.1567627225181766e-06, 9.204219175466312e-08
1654, 3.763167518244977e-08, 6.470118850288036e-08
1655, 3.763167518244977e-08, 8.166138079472942e-08
1656, 3.763167518244977e-08, 9.059610259609713e-08
1657, 3.763167518244977e-08, 7.622151186031955e-08
1658, 3.763167518244977e-08, 7.845128589683886e-08
1659, 2.0680449619170323e-08, 8.69666990143653e-08
1660, 1.5240053743162435e-08, 6.183335752509212e-08
1661, 3.24013384844998e-09, 8.640463323394141e-08
1662, 7.61173644798809e-10, 7.53698531772801e-08
1663, 7.61173644798809e-10, 9.799324461721068e-08
1664, 6.893978523495251e-10, 1.1402085217944334e-07
1665, 1.889077035472289e-10, 1.1678618975279345e-07
1666, 1.6626290451094727e-10, 1.0534282954329483e-07
1667, 1.6626290451094727e-10, 8.991535168959453e-08
1668, 1.6626290451094727e-10, 1.469124632305866e-07
1669, 9.534511519739342e-11, 1.0916002653177353e-07
1670, 2.9888891499897995e-11, 9.648642043486173e-08
1671, 4.046161939756267e-12, 1.080883026257744e-07
1672, 4.046161939756267e-12, 8.708607125838021e-08
1673, 4.046161939756267e-12, 9.333103748967977e-08
1674, 4.046161939756267e-12, 9.488221524677126e-08
1675, 1.0885028055549266e-12, 1.0934576294085282e-07
1676, 4.86633710304076e-13, 8.78739120332203e-08
1677, 1.5539925694196932e-13, 6.645982856554689e-08
1678, 1.5539925694196932e-13, 4.963109694484e-08
1679, 8.100223577453598e-14, 1.2998469277791676e-07
1680, 2.7870803013503077e-14, 1.0096591147858348e-07
1681, 1.1658709998457414e-14, 8.629225817229216e-08
1682, 4.826436665392197e-16, 7.805400006604994e-08
1683, 4.826436665392197e-16, 5.735457667607814e-08
1684, 4.826436665392197e-16, 7.062706371592342e-08
1685, 4.826436665392197e-16, 4.817547052438481e-08
1686, 2.005136749219767e-16, 3.8073793294546315e-08
1687, 2.005136749219767e-16, 1.0122139418671066e-07
1688, 7.30728515126926e-17, 1.1076318420193623e-07
1689, 6.110244958529143e-17, 1.0431532623317214e-07
1690, 5.787040029657864e-17, 1.0292610797489791e-07
1691, 1.6283643307705384e-17, 8.313084860349475e-08
1692, 7.082700867791431e-18, 8.250937933272187e-08
1693, 2.2823724125600694e-18, 1.5117097433725047e-07
1694, 1.1605163959913017e-18, 1.6863140743860982e-07
1695, 3.299846342856392e-19, 7.673434961325409e-07
1696, 3.299846342856392e-19, 2.374242861949335e-06
1697, 3.299846342856392e-19, 2.9524306088569923e-06
1698, 3.299846342856392e-19, 4.218139775622283e-06
1699, 1.868640639605265e-20, 4.966356196967862e-06
1700, 1.868640639605265e-20, 7.3600109133234e-06
1701, 1.2248788774087334e-20, 1.4339884138597656e-05
1702, 1.2248788774087334e-20, 4.1632774230993834e-05
1703, 3.500661016032442e-21, 8.750218708963539e-05
1704, 2.4859650040049755e-21, 0.00013735955023032786
1705, 2.4859650040049755e-21, 0.00018602786546602392
1706, 8.750840976638518e-22, 0.00028728467386361715
1707, 8.750840976638518e-22, 0.00040699456391279226
1708, 3.5268711535660256e-22, 0.0008899904798393931
1709, 1.9744531229888832e-22, 0.0013081575235623316
1710, 8.541926255898654e-23, 0.001405268581738172
1711, 8.541926255898654e-23, 0.009200062601916819
1712, 8.541926255898654e-23, 0.019961648627284365
1713, 7.636436123882987e-23, 0.03357290877796133
1714, 3.0309221132923016e-25, 0.03573965734270932
1715, 3.0309221132923016e-25, 0.10163278460884732
1716, 3.0309221132923016e-25, 0.12897308910175276
1717, 3.0309221132923016e-25, 0.3116422244875682
1718, 1.2626084870009417e-25, 0.47357263771176816
1719, 1.2626084870009417e-25, 1.2828778318977312
1720, 1.2626084870009417e-25, 1.610277324101813
1721, 1.2626084870009417e-25, 4.864375213972232
1722, 8.602678370551486e-26, 12.28422754962902
1723, 1.3234889800848442e-27, 20.969915243243964
1724, 1.3234889800848442e-27, 28.16266467674264
1725, 1.3234889800848442e-27, 72.2769902897338
1726, 1.3234889800848442e-27, 80.5249523461136
1727, 1.3234889800848442e-27, 276.1650229615472
1728, 1.3234889800848442e-27, 455.2459114855739
1729, 5.293955920339378e-28, 588.912959259458
1730, 5.293955920339378e-28, 969.4570506361033
