iterations, fitness, congestion
1823, 3.967752971343578, 1.1355701740514995e-07
1824, 3.967752971343578, 1.0913676293926182e-07
1825, 3.967752971343578, 1.1041226466996201e-07
1826, 3.967752971343578, 9.705459504190288e-08
1827, 0.9632966588130979, 8.01803788848542e-08
1828, 0.6494039624143129, 1.070941870775591e-07
1829, 0.5995166134925598, 1.008341494598604e-07
1830, 0.10330711319355938, 7.519837320494867e-08
1831, 0.03873336511856485, 5.889997767667253e-08
1832, 0.03873336511856485, 1.1409416134209863e-07
1833, 0.03873336511856485, 1.02767063758439e-07
1834, 0.026446060211511142, 8.221187222216387e-08
1835, 0.010620716337220702, 7.092010704614787e-08
1836, 0.010620716337220702, 4.5757583329793815e-08
1837, 0.00253209520263101, 3.9390889932301557e-08
1838, 0.00253209520263101, 9.38917205187808e-08
1839, 0.0013389891899451018, 7.230792699380147e-08
1840, 0.00010383351994120598, 4.9078376335469475e-08
1841, 0.00010383351994120598, 7.083827408033713e-08
1842, 0.00010383351994120598, 6.238590319907018e-08
1843, 7.21469171645408e-05, 5.0434719581681627e-08
1844, 6.0681416139766164e-05, 3.655896660687638e-08
1845, 2.7915161523890027e-05, 1.0919934195220596e-07
1846, 1.453720095747786e-06, 8.965283400469032e-08
1847, 1.453720095747786e-06, 7.459046588749779e-08
1848, 1.453720095747786e-06, 6.939646969518163e-08
1849, 1.453720095747786e-06, 7.360047359881645e-08
1850, 1.453720095747786e-06, 7.437309060880065e-08
1851, 1.386399607958205e-07, 1.0225437228127985e-07
1852, 1.386399607958205e-07, 1.0179474735438077e-07
1853, 1.1828749293793425e-07, 8.221654283650962e-08
1854, 1.1828749293793425e-07, 9.310894783665208e-08
1855, 1.1828749293793425e-07, 8.67361369299136e-08
1856, 3.3510543955312408e-09, 8.192693264654135e-08
1857, 3.3510543955312408e-09, 8.094380361686826e-08
1858, 3.3510543955312408e-09, 5.9148308812684544e-08
1859, 8.956144832312697e-10, 7.302693777026408e-08
1860, 4.0786165114948706e-11, 5.371724437864437e-08
1861, 4.0786165114948706e-11, 4.1695332273266855e-08
1862, 4.0786165114948706e-11, 9.367805282164604e-08
1863, 4.0786165114948706e-11, 7.383020300164829e-08
1864, 4.0786165114948706e-11, 5.852725395720972e-08
1865, 4.0786165114948706e-11, 8.1022015315236e-08
1866, 4.368581929338583e-12, 1.1347723318804517e-07
1867, 2.9098506853825414e-12, 9.385142669402409e-08
1868, 2.9098506853825414e-12, 9.771037519019123e-08
1869, 2.9098506853825414e-12, 9.343051144548378e-08
1870, 7.703590191203848e-13, 6.859197574617364e-08
1871, 6.049118681235698e-13, 8.048428620365332e-08
1872, 6.049118681235698e-13, 9.639672649272291e-08
1873, 6.049118681235698e-13, 9.558630843340001e-08
1874, 5.493273565632384e-13, 9.810640530637802e-08
1875, 1.2316649675030143e-13, 1.0155702425229137e-07
1876, 4.137229743582898e-14, 9.820403035764649e-08
1877, 6.314094129457654e-15, 7.035743926766493e-08
1878, 2.249886959452716e-16, 7.236386666685753e-08
1879, 2.249886959452716e-16, 8.086708389655334e-08
1880, 2.249886959452716e-16, 8.065832672061653e-08
1881, 2.249886959452716e-16, 9.605091037889206e-08
1882, 2.249886959452716e-16, 7.955841723219596e-08
1883, 1.005956165618157e-16, 1.0626144329946792e-07
1884, 9.052242464973469e-17, 8.60693452937973e-08
1885, 3.113421632979782e-17, 9.014488495449384e-08
1886, 2.197412753064054e-17, 1.1911456033097866e-07
1887, 2.197412753064054e-17, 1.389836517539742e-07
1888, 2.0499807400308508e-17, 2.3063670583692588e-07
1889, 1.03528626743415e-17, 2.5394034289672237e-07
1890, 1.03528626743415e-17, 3.679085612730247e-07
1891, 3.2611688513301496e-18, 4.598968423670413e-07
1892, 3.2611688513301496e-18, 6.466476048305573e-07
1893, 1.2227616350713864e-18, 6.815709853870974e-07
1894, 2.5371839260226546e-19, 2.5234702461125685e-06
1895, 2.5371839260226546e-19, 2.928053363486484e-06
1896, 5.544860606696966e-20, 7.525697073637424e-06
1897, 5.544860606696966e-20, 2.4092984104897476e-05
1898, 4.0122396088340645e-20, 3.1472390262357816e-05
1899, 3.60098802537588e-20, 3.612856126227641e-05
1900, 3.60098802537588e-20, 6.862009207540767e-05
1901, 2.851986759203367e-20, 7.376978881388225e-05
1902, 4.230882150925074e-21, 0.00015135006268856391
1903, 4.230882150925074e-21, 0.00030579797993974736
1904, 3.795796424848292e-21, 0.0010217416772273075
1905, 3.625691708195327e-22, 0.0016705980181582058
1906, 1.9768886074100356e-22, 0.0024765916525359747
1907, 1.3786355895114276e-22, 0.0047447208488099
1908, 1.3786355895114276e-22, 0.009845792560979637
1909, 1.5852751003456268e-24, 0.010600017559793534
1910, 1.5852751003456268e-24, 0.014271074780683575
1911, 1.5852751003456268e-24, 0.028770489229286628
1912, 1.5852751003456268e-24, 0.034558010972045375
1913, 1.5852751003456268e-24, 0.04787226638656192
1914, 1.5852751003456268e-24, 0.12860668694831998
1915, 1.5852751003456268e-24, 0.38271931000638615
1916, 8.26717391409998e-25, 0.7120916746013881
1917, 8.26717391409998e-25, 1.2529108536224633
1918, 2.564656945608411e-25, 3.75368805090777
1919, 2.564656945608411e-25, 5.625325784839208
1920, 3.478129039662971e-26, 11.720406051640458
1921, 2.2499312661442353e-28, 18.638198027808784
1922, 2.2499312661442353e-28, 28.86027789859824
